controls
{
	horizontal
	{
		speed = 1876.8
		thrust = 0.35000002
		brake = 1.95
	}

	vertical
	{
		speed = 420.59998
		thrust = 0.89000005
		brake = -0.04
	}

	rotation
	{
		pitch = 0.074
		yaw = 0.062
		roll = 0.086
	}

	hyper
	{
		speed = 0.82
		thrust = 0.435
	}

	afterburn
	{
		power = 1.2
		time = 5.0
		cooldown = 31.8
		smoothness = 6.0
	}
}
name = Unknown
manufacturer = CFI

class
{
	rank = 5
	name = 0
}

info
{
	size = 342.6
	health = 18494.0
	shield = 5676.0
	mass = 673.6
	maxcargo = 202
}

model
{
	uselight = true
	metal = SHIP/7m
	glass = SHIP/7g
}

thrust
{
	model = THRUST/0
	texture = GREEN0
}

components
{
	thrust
	{
		0
		{
			pos = 0.0,-0.079,0.522
			size = 0.141
			rotation = 0.0
		}

		1
		{
			pos = 0.0,-0.0139999995,0.457
			size = 0.098
			rotation = 0.0
		}

		2
		{
			pos = 0.0,0.073,0.139
			size = 0.151
			rotation = 0.0
		}

		3
		{
			pos = 0.0,0.147,0.0
			size = 0.125
			rotation = 0.0
		}
	}

	collider
	{
		0
		{
			pos = 0.05,-0.043,-0.359
			size = 0.063
			strength = 2
		}

		1
		{
			pos = 0.040000003,0.032,-0.385
			size = 0.058
			strength = 1
		}

		2
		{
			pos = 0.022,0.11000001,-0.32500002
			size = 0.05
			strength = 2
		}

		3
		{
			pos = 0.055000003,-0.079,-0.26
			size = 0.069
			strength = 2
		}

		4
		{
			pos = 0.048000004,0.025999999,-0.26
			size = 0.06600001
			strength = 1
		}

		5
		{
			pos = 0.033000004,0.120000005,-0.24800001
			size = 0.055000003
			strength = 2
		}

		6
		{
			pos = 0.051999997,-0.093,-0.15100001
			size = 0.085
			strength = 2
		}

		7
		{
			pos = 0.044,0.002,-0.14400001
			size = 0.080000006
			strength = 1
		}

		8
		{
			pos = 0.039,0.127,-0.154
			size = 0.058
			strength = 2
		}

		9
		{
			pos = 0.044999998,-0.108,0.008
			size = 0.077
			strength = 0
		}

		10
		{
			pos = 0.044,-0.029,-0.011
			size = 0.062000003
			strength = 0
		}

		11
		{
			pos = 0.057,-0.113,0.17400001
			size = 0.089999996
			strength = 1
		}

		12
		{
			pos = 0.057,-0.044,0.152
			size = 0.061
			strength = 1
		}

		13
		{
			pos = 0.053,-0.111,0.31800005
			size = 0.062000003
			strength = 1
		}

		14
		{
			pos = 0.062000003,-0.051,0.291
			size = 0.047000002
			strength = 0
		}

		15
		{
			pos = 0.047000002,-0.053,0.388
			size = 0.038
			strength = 0
		}

		16
		{
			pos = 0.051,-0.105,0.388
			size = 0.049000002
			strength = 1
		}

		17
		{
			pos = -0.05,-0.043,-0.359
			size = 0.063
			strength = 2
		}

		18
		{
			pos = -0.040000003,0.032,-0.385
			size = 0.058
			strength = 1
		}

		19
		{
			pos = -0.022,0.11000001,-0.32500002
			size = 0.05
			strength = 2
		}

		20
		{
			pos = -0.055000003,-0.079,-0.26
			size = 0.069
			strength = 2
		}

		21
		{
			pos = -0.048000004,0.025999999,-0.26
			size = 0.06600001
			strength = 1
		}

		22
		{
			pos = -0.033000004,0.120000005,-0.24800001
			size = 0.055000003
			strength = 2
		}

		23
		{
			pos = -0.051999997,-0.093,-0.15100001
			size = 0.085
			strength = 2
		}

		24
		{
			pos = -0.044,0.002,-0.14400001
			size = 0.080000006
			strength = 1
		}

		25
		{
			pos = -0.039,0.127,-0.154
			size = 0.058
			strength = 2
		}

		26
		{
			pos = -0.044999998,-0.108,0.008
			size = 0.077
			strength = 0
		}

		27
		{
			pos = -0.044,-0.029,-0.011
			size = 0.062000003
			strength = 0
		}

		28
		{
			pos = -0.057,-0.113,0.17400001
			size = 0.089999996
			strength = 1
		}

		29
		{
			pos = -0.057,-0.044,0.152
			size = 0.061
			strength = 1
		}

		30
		{
			pos = -0.053,-0.111,0.31800005
			size = 0.062000003
			strength = 1
		}

		31
		{
			pos = -0.062000003,-0.051,0.291
			size = 0.047000002
			strength = 0
		}

		32
		{
			pos = -0.047000002,-0.053,0.388
			size = 0.038
			strength = 0
		}

		33
		{
			pos = -0.051,-0.105,0.388
			size = 0.049000002
			strength = 1
		}

		34
		{
			pos = 0.0,-0.077,0.467
			size = 0.042
			strength = -1
		}

		35
		{
			pos = 0.0,-0.077,0.517
			size = 0.042
			strength = -2
		}

		36
		{
			pos = 0.0,-0.014,0.44000003
			size = 0.031000001
			strength = -2
		}

		37
		{
			pos = 0.0,-0.014,0.385
			size = 0.029
			strength = -1
		}

		38
		{
			pos = 0.0,-0.035,0.31300002
			size = 0.046
			strength = -1
		}

		39
		{
			pos = 0.0,0.071,0.131
			size = 0.046
			strength = -2
		}

		40
		{
			pos = 0.0,0.071,0.051
			size = 0.044
			strength = -1
		}

		41
		{
			pos = 0.0,0.071,-0.05
			size = 0.038
			strength = -1
		}

		42
		{
			pos = 0.0,0.147,-0.002
			size = 0.035
			strength = -2
		}

		43
		{
			pos = 0.0,0.147,-0.061
			size = 0.033000004
			strength = -1
		}
	}

	weapon
	{
		0
		{
			pos = 0.024000002,0.120000005,-0.39200002
			copytarget = true
			weaponname = CANNON0
			direction = -1.0/0.0/0.0/0.0/-1.0/0.0/0.0/0.0/-1.0/1.0/0.0/0.0/0.0/0.0/1.0/0.0/0.0/0.0/0.0/1.0/0.0/0.0/0.0/0.0/1.0
		}

		1
		{
			pos = 0.085,0.010000001,-0.39900002
			copytarget = true
			weaponname = TURRET9
			direction = 0.34202015/-0.9396926/0.0/0.9396926/0.34202015/0.0/0.0/0.0/-0.99999994/-0.34202015/-0.9396926/-0.0/-0.0/0.9396926/-0.34202015/0.0/0.0/0.0/0.0/0.99999994/0.0/0.0/0.0/0.0/1.0
		}

		2
		{
			pos = 0.089999996,0.0050000004,-0.333
			copytarget = true
			weaponname = TURRET9
			direction = 0.34202015/-0.9396926/0.0/0.9396926/0.34202015/0.0/0.0/0.0/-0.99999994/-0.34202015/-0.9396926/-0.0/-0.0/0.9396926/-0.34202015/0.0/0.0/0.0/0.0/0.99999994/0.0/0.0/0.0/0.0/1.0
		}

		3
		{
			pos = 0.095,0.010000001,-0.235
			copytarget = false
			weaponname = TURRET9
			direction = 0.34202015/-0.9396926/0.0/0.9396926/0.34202015/0.0/0.0/0.0/-0.99999994/-0.34202015/-0.9396926/-0.0/-0.0/0.9396926/-0.34202015/0.0/0.0/0.0/0.0/0.99999994/0.0/0.0/0.0/0.0/1.0
		}

		4
		{
			pos = 0.101,0.020000001,-0.14500001
			copytarget = false
			weaponname = TURRET9
			direction = 0.34202015/-0.9396926/0.0/0.9396926/0.34202015/0.0/0.0/0.0/-0.99999994/-0.34202015/-0.9396926/-0.0/-0.0/0.9396926/-0.34202015/0.0/0.0/0.0/0.0/0.99999994/0.0/0.0/0.0/0.0/1.0
		}

		5
		{
			pos = 0.038,-0.16000001,0.009
			copytarget = true
			weaponname = CANNON10
			direction = -1.0/0.0/0.0/0.0/-1.0/0.0/0.0/0.0/-1.0/1.0/0.0/0.0/0.0/0.0/1.0/0.0/0.0/0.0/0.0/1.0/0.0/0.0/0.0/0.0/1.0
		}

		6
		{
			pos = 0.089999996,-0.11000001,-0.025999999
			copytarget = false
			weaponname = TURRET9
			direction = -0.17364812/-0.9848078/0.0/0.9848078/-0.17364812/0.0/0.0/0.0/-0.99999994/0.17364812/-0.9848078/0.0/0.0/0.9848078/0.17364812/0.0/0.0/0.0/0.0/0.99999994/0.0/0.0/0.0/0.0/1.0
		}

		7
		{
			pos = 0.092,-0.124000005,0.044
			copytarget = false
			weaponname = TURRET9
			direction = -0.17364812/-0.9848078/0.0/0.9848078/-0.17364812/0.0/0.0/0.0/-0.99999994/0.17364812/-0.9848078/0.0/0.0/0.9848078/0.17364812/0.0/0.0/0.0/0.0/0.99999994/0.0/0.0/0.0/0.0/1.0
		}

		8
		{
			pos = 0.020000001,0.015000001,0.19
			copytarget = false
			weaponname = TURRET8
			direction = -1.0/8.742276E-8/-8.742278E-8/8.742278E-8/0.9999999/7.642742E-15/-8.742277E-8/0.0/0.9999999/1.0/-8.742278E-8/8.742277E-8/0.0/-8.742276E-8/-0.9999999/0.0/0.0/8.742278E-8/-7.642742E-15/-0.9999999/0.0/0.0/0.0/0.0/1.0
		}

		9
		{
			pos = 0.0,0.178,-0.26
			copytarget = true
			weaponname = LAUNCHER4
			direction = 4.371139E-8/0.7071067/0.70710677/-1.0/3.090862E-8/3.090862E-8/0.0/0.7071067/-0.7071067/-4.371139E-8/1.0/0.0/0.0/-0.7071067/-3.090862E-8/-0.7071067/-0.0/-0.70710677/-3.090862E-8/0.7071067/0.0/0.0/0.0/0.0/1.0
		}

		10
		{
			pos = 0.0,0.184,-0.185
			copytarget = true
			weaponname = RAYCANNON2
			direction = 1.0/8.709011E-8/-7.619399E-9/-8.742278E-8/0.9961947/-0.087155774/0.0/-0.08715575/-0.99619466/-1.0/8.742278E-8/0.0/0.0/-8.709011E-8/-0.9961947/0.08715575/0.0/7.619399E-9/0.087155774/0.99619466/0.0/0.0/0.0/0.0/1.0
		}

		11
		{
			pos = -0.024000002,0.120000005,-0.39200002
			copytarget = true
			weaponname = CANNON0
			direction = -1.0/0.0/0.0/0.0/-1.0/0.0/0.0/0.0/-1.0/1.0/0.0/0.0/0.0/0.0/1.0/0.0/0.0/0.0/0.0/1.0/0.0/0.0/0.0/0.0/1.0
		}

		12
		{
			pos = -0.085,0.010000001,-0.39900002
			copytarget = true
			weaponname = TURRET9
			direction = 0.34202015/0.9396926/0.0/-0.9396926/0.34202015/0.0/0.0/0.0/-0.99999994/-0.34202015/0.9396926/0.0/0.0/-0.9396926/-0.34202015/-0.0/-0.0/0.0/0.0/0.99999994/0.0/0.0/0.0/0.0/1.0
		}

		13
		{
			pos = -0.089999996,0.0050000004,-0.333
			copytarget = true
			weaponname = TURRET9
			direction = 0.34202015/0.9396926/0.0/-0.9396926/0.34202015/0.0/0.0/0.0/-0.99999994/-0.34202015/0.9396926/0.0/0.0/-0.9396926/-0.34202015/-0.0/-0.0/0.0/0.0/0.99999994/0.0/0.0/0.0/0.0/1.0
		}

		14
		{
			pos = -0.095,0.010000001,-0.235
			copytarget = false
			weaponname = TURRET9
			direction = 0.34202015/0.9396926/0.0/-0.9396926/0.34202015/0.0/0.0/0.0/-0.99999994/-0.34202015/0.9396926/0.0/0.0/-0.9396926/-0.34202015/-0.0/-0.0/0.0/0.0/0.99999994/0.0/0.0/0.0/0.0/1.0
		}

		15
		{
			pos = -0.101,0.020000001,-0.14500001
			copytarget = false
			weaponname = TURRET9
			direction = 0.34202015/0.9396926/0.0/-0.9396926/0.34202015/0.0/0.0/0.0/-0.99999994/-0.34202015/0.9396926/0.0/0.0/-0.9396926/-0.34202015/-0.0/-0.0/0.0/0.0/0.99999994/0.0/0.0/0.0/0.0/1.0
		}

		16
		{
			pos = -0.038,-0.16000001,0.009
			copytarget = true
			weaponname = CANNON10
			direction = -1.0/0.0/0.0/0.0/-1.0/0.0/0.0/0.0/-1.0/1.0/0.0/0.0/0.0/0.0/1.0/0.0/0.0/0.0/0.0/1.0/0.0/0.0/0.0/0.0/1.0
		}

		17
		{
			pos = -0.089999996,-0.11000001,-0.025999999
			copytarget = false
			weaponname = TURRET9
			direction = -0.17364812/0.9848078/0.0/-0.9848078/-0.17364812/-0.0/0.0/0.0/-0.99999994/0.17364812/0.9848078/0.0/0.0/-0.9848078/0.17364812/0.0/0.0/0.0/0.0/0.99999994/0.0/0.0/0.0/0.0/1.0
		}

		18
		{
			pos = -0.092,-0.124000005,0.044
			copytarget = false
			weaponname = TURRET9
			direction = -0.17364812/0.9848078/0.0/-0.9848078/-0.17364812/-0.0/0.0/0.0/-0.99999994/0.17364812/0.9848078/0.0/0.0/-0.9848078/0.17364812/0.0/0.0/0.0/0.0/0.99999994/0.0/0.0/0.0/0.0/1.0
		}

		19
		{
			pos = -0.020000001,0.015000001,0.19
			copytarget = false
			weaponname = TURRET8
			direction = -1.0/8.742276E-8/-8.742278E-8/8.742278E-8/0.9999999/7.642742E-15/-8.742277E-8/0.0/0.9999999/1.0/-8.742278E-8/8.742277E-8/0.0/-8.742276E-8/-0.9999999/0.0/0.0/8.742278E-8/-7.642742E-15/-0.9999999/0.0/0.0/0.0/0.0/1.0
		}
	}
	container = 
	port = 
}
