controls
{
	horizontal
	{
		speed = 2678.7998
		thrust = 0.38
		brake = 1.9
	}

	vertical
	{
		speed = 657.19995
		thrust = 0.76
		brake = 0.0
	}

	rotation
	{
		pitch = 0.016
		yaw = 0.018
		roll = 0.037
	}

	hyper
	{
		speed = 0.84
		thrust = 0.441
	}

	afterburn
	{
		power = 2.8000002
		time = 4.9
		cooldown = 33.3
		smoothness = 1.2
	}
}
name = Unknown
manufacturer = DHT

class
{
	rank = 5
	name = 1
}

info
{
	size = 413.3
	health = 17769.0
	shield = 5396.0
	mass = 935.1
	maxcargo = 280
}

model
{
	uselight = true
	metal = SHIP/103m
	glass = SHIP/103g
}

thrust
{
	model = THRUST/1
	texture = YELLOW0
}

components
{
	thrust
	{
		0
		{
			pos = 0.0,0.038,0.365
			size = 0.105
			rotation = 0.0
		}

		1
		{
			pos = 0.0,0.088,0.331
			size = 0.08200001
			rotation = 0.0
		}

		2
		{
			pos = 0.0,0.127,0.3
			size = 0.060000002
			rotation = 0.0
		}

		3
		{
			pos = 0.044999998,0.036000002,0.3
			size = 0.065
			rotation = 0.0
		}

		4
		{
			pos = 0.033000004,0.069,0.294
			size = 0.047000002
			rotation = 0.0
		}

		5
		{
			pos = -0.044999998,0.036000002,0.3
			size = 0.065
			rotation = 0.0
		}

		6
		{
			pos = -0.033000004,0.069,0.294
			size = 0.047000002
			rotation = 0.0
		}
	}

	collider
	{
		0
		{
			pos = 0.0,-0.025,-0.425
			size = 0.080000006
			strength = 1
		}

		1
		{
			pos = 0.0,-0.025,-0.31500003
			size = 0.080000006
			strength = 1
		}

		2
		{
			pos = 0.0,-0.025,-0.205
			size = 0.080000006
			strength = 1
		}

		3
		{
			pos = 0.0,-0.025,-0.1
			size = 0.080000006
			strength = 1
		}

		4
		{
			pos = 0.0,-0.025,0.010000001
			size = 0.080000006
			strength = 1
		}

		5
		{
			pos = 0.0,-0.025,0.120000005
			size = 0.080000006
			strength = 1
		}

		6
		{
			pos = 0.0,-0.025,0.22500001
			size = 0.075
			strength = 1
		}

		7
		{
			pos = 0.0,-0.040000003,0.32500002
			size = 0.065
			strength = 0
		}

		8
		{
			pos = 0.0,-0.040000003,0.41
			size = 0.060000002
			strength = 0
		}

		9
		{
			pos = 0.0,-0.1,-0.44000003
			size = 0.05
			strength = 1
		}

		10
		{
			pos = 0.0,-0.1,-0.35999998
			size = 0.05
			strength = 1
		}

		11
		{
			pos = 0.0,-0.1,-0.28
			size = 0.05
			strength = 1
		}

		12
		{
			pos = 0.0,-0.1,-0.2
			size = 0.05
			strength = 1
		}

		13
		{
			pos = 0.0,-0.1,-0.120000005
			size = 0.05
			strength = 1
		}

		14
		{
			pos = 0.0,-0.1,-0.040000003
			size = 0.05
			strength = 1
		}

		15
		{
			pos = 0.0,-0.1,0.040000003
			size = 0.05
			strength = 1
		}

		16
		{
			pos = 0.0,-0.095,0.105
			size = 0.044999998
			strength = 1
		}

		17
		{
			pos = 0.0,-0.075,0.175
			size = 0.044999998
			strength = 1
		}

		18
		{
			pos = 0.0,2.2351744E-11,-0.22000001
			size = 0.080000006
			strength = 1
		}

		19
		{
			pos = 0.0,0.020000001,-0.11000001
			size = 0.080000006
			strength = 1
		}

		20
		{
			pos = 0.0,0.035,2.2351744E-11
			size = 0.080000006
			strength = 1
		}

		21
		{
			pos = 0.0,0.055000003,0.105
			size = 0.080000006
			strength = 1
		}

		22
		{
			pos = 0.0,0.080000006,0.185
			size = 0.065
			strength = 1
		}

		23
		{
			pos = 0.0,0.0050000004,0.185
			size = 0.080000006
			strength = 1
		}

		24
		{
			pos = 0.0,-0.13,0.32000002
			size = 0.040000003
			strength = -1
		}

		25
		{
			pos = 0.0,-0.13,0.37
			size = 0.040000003
			strength = -1
		}

		26
		{
			pos = 0.0,-0.165,0.31
			size = 0.035
			strength = -1
		}

		27
		{
			pos = 0.0,-0.165,0.35
			size = 0.035
			strength = -1
		}

		28
		{
			pos = 0.0,-0.165,0.385
			size = 0.035
			strength = -1
		}

		29
		{
			pos = 0.11000001,-0.0050000004,0.095
			size = 0.040000003
			strength = 2
		}

		30
		{
			pos = -0.11000001,-0.0050000004,0.095
			size = 0.040000003
			strength = 2
		}

		31
		{
			pos = 0.111,-0.0050000004,0.165
			size = 0.040000003
			strength = 2
		}

		32
		{
			pos = -0.111,-0.0050000004,0.165
			size = 0.040000003
			strength = 2
		}

		33
		{
			pos = 0.11000001,-0.0050000004,0.23
			size = 0.040000003
			strength = 2
		}

		34
		{
			pos = -0.11000001,-0.0050000004,0.23
			size = 0.040000003
			strength = 2
		}

		35
		{
			pos = 0.11000001,-0.0050000004,0.29500005
			size = 0.040000003
			strength = 2
		}

		36
		{
			pos = -0.11000001,-0.0050000004,0.29500005
			size = 0.040000003
			strength = 2
		}

		37
		{
			pos = 0.11000001,-0.0050000004,0.35999998
			size = 0.040000003
			strength = 2
		}

		38
		{
			pos = -0.11000001,-0.0050000004,0.35999998
			size = 0.040000003
			strength = 2
		}

		39
		{
			pos = 0.17999999,-0.0050000004,0.175
			size = 0.040000003
			strength = 2
		}

		40
		{
			pos = -0.17999999,-0.0050000004,0.175
			size = 0.040000003
			strength = 2
		}

		41
		{
			pos = 0.185,-0.0050000004,0.24000001
			size = 0.040000003
			strength = 2
		}

		42
		{
			pos = -0.185,-0.0050000004,0.24000001
			size = 0.040000003
			strength = 2
		}

		43
		{
			pos = 0.17999999,-0.0050000004,0.30500004
			size = 0.040000003
			strength = 2
		}

		44
		{
			pos = -0.17999999,-0.0050000004,0.30500004
			size = 0.040000003
			strength = 2
		}

		45
		{
			pos = 0.17,-0.0050000004,0.37
			size = 0.040000003
			strength = 2
		}

		46
		{
			pos = -0.17,-0.0050000004,0.37
			size = 0.040000003
			strength = 2
		}

		47
		{
			pos = 0.155,-0.0050000004,0.435
			size = 0.040000003
			strength = 2
		}

		48
		{
			pos = -0.155,-0.0050000004,0.435
			size = 0.040000003
			strength = 2
		}

		49
		{
			pos = 0.0,0.035,0.29000002
			size = 0.030000001
			strength = -1
		}

		50
		{
			pos = 0.0,0.035,0.355
			size = 0.035
			strength = -1
		}

		51
		{
			pos = 0.0,0.087000005,0.26
			size = 0.025
			strength = -1
		}

		52
		{
			pos = 0.0,0.087000005,0.31500003
			size = 0.030000001
			strength = -1
		}

		53
		{
			pos = 0.0,0.126,0.25
			size = 0.018000001
			strength = -1
		}

		54
		{
			pos = 0.0,0.126,0.285
			size = 0.025
			strength = -1
		}

		55
		{
			pos = 0.044999998,0.036000002,0.249
			size = 0.020000001
			strength = -1
		}

		56
		{
			pos = -0.044999998,0.036000002,0.249
			size = 0.020000001
			strength = -1
		}

		57
		{
			pos = 0.044999998,0.036000002,0.28599998
			size = 0.023
			strength = -1
		}

		58
		{
			pos = -0.044999998,0.036000002,0.28599998
			size = 0.023
			strength = -1
		}

		59
		{
			pos = 0.033000004,0.07,0.249
			size = 0.015000001
			strength = -1
		}

		60
		{
			pos = -0.033000004,0.07,0.249
			size = 0.015000001
			strength = -1
		}

		61
		{
			pos = 0.033000004,0.06800001,0.278
			size = 0.020000001
			strength = -1
		}

		62
		{
			pos = -0.033000004,0.06800001,0.278
			size = 0.020000001
			strength = -1
		}
	}

	weapon
	{
		0
		{
			pos = 0.025,0.0,-0.49
			copytarget = true
			weaponname = CANNON1
			direction = 4.371139E-8/-1.0/-0.0/1.0/4.371139E-8/0.0/0.0/0.0/-0.99999994/-4.371139E-8/-1.0/-0.0/-0.0/1.0/-4.371139E-8/0.0/0.0/0.0/0.0/0.99999994/0.0/0.0/0.0/0.0/1.0
		}

		1
		{
			pos = 0.07,0.0,-0.395
			copytarget = true
			weaponname = CANNON6
			direction = 4.371139E-8/-1.0/-0.0/1.0/4.371139E-8/0.0/0.0/0.0/-0.99999994/-4.371139E-8/-1.0/-0.0/-0.0/1.0/-4.371139E-8/0.0/0.0/0.0/0.0/0.99999994/0.0/0.0/0.0/0.0/1.0
		}

		2
		{
			pos = 0.07,0.0,-0.21500002
			copytarget = true
			weaponname = CANNON6
			direction = 4.371139E-8/-1.0/-0.0/1.0/4.371139E-8/0.0/0.0/0.0/-0.99999994/-4.371139E-8/-1.0/-0.0/-0.0/1.0/-4.371139E-8/0.0/0.0/0.0/0.0/0.99999994/0.0/0.0/0.0/0.0/1.0
		}

		3
		{
			pos = 0.07,0.0,-0.040000003
			copytarget = false
			weaponname = CANNON6
			direction = 4.371139E-8/-1.0/-0.0/1.0/4.371139E-8/0.0/0.0/0.0/-0.99999994/-4.371139E-8/-1.0/-0.0/-0.0/1.0/-4.371139E-8/0.0/0.0/0.0/0.0/0.99999994/0.0/0.0/0.0/0.0/1.0
		}

		4
		{
			pos = 0.060000002,-0.043,-0.395
			copytarget = true
			weaponname = TURRET5
			direction = -0.49999994/-0.86602545/0.0/0.86602545/-0.49999994/0.0/0.0/0.0/-0.99999994/0.49999994/-0.86602545/0.0/0.0/0.86602545/0.49999994/0.0/0.0/0.0/0.0/0.99999994/0.0/0.0/0.0/0.0/1.0
		}

		5
		{
			pos = 0.060000002,-0.043,-0.21500002
			copytarget = true
			weaponname = TURRET5
			direction = -0.49999997/-0.8660254/-0.0/0.8660254/-0.49999997/0.0/0.0/0.0/-0.99999994/0.49999997/-0.8660254/0.0/0.0/0.8660254/0.49999997/0.0/0.0/0.0/0.0/0.99999994/0.0/0.0/0.0/0.0/1.0
		}

		6
		{
			pos = 0.060000002,-0.043,-0.040000003
			copytarget = false
			weaponname = TURRET5
			direction = -0.49999997/-0.8660254/-0.0/0.8660254/-0.49999997/0.0/0.0/0.0/-0.99999994/0.49999997/-0.8660254/0.0/0.0/0.8660254/0.49999997/0.0/0.0/0.0/0.0/0.99999994/0.0/0.0/0.0/0.0/1.0
		}

		7
		{
			pos = 0.039,-0.085,-0.395
			copytarget = true
			weaponname = TURRET5
			direction = -0.49999997/-0.8660254/-0.0/0.8660254/-0.49999997/0.0/0.0/0.0/-0.99999994/0.49999997/-0.8660254/0.0/0.0/0.8660254/0.49999997/0.0/0.0/0.0/0.0/0.99999994/0.0/0.0/0.0/0.0/1.0
		}

		8
		{
			pos = 0.039,-0.085,-0.21500002
			copytarget = true
			weaponname = TURRET5
			direction = -0.49999997/-0.8660254/-0.0/0.8660254/-0.49999997/0.0/0.0/0.0/-0.99999994/0.49999997/-0.8660254/0.0/0.0/0.8660254/0.49999997/0.0/0.0/0.0/0.0/0.99999994/0.0/0.0/0.0/0.0/1.0
		}

		9
		{
			pos = 0.039,-0.085,-0.040000003
			copytarget = false
			weaponname = TURRET5
			direction = -0.49999997/-0.8660254/-0.0/0.8660254/-0.49999997/0.0/0.0/0.0/-0.99999994/0.49999997/-0.8660254/0.0/0.0/0.8660254/0.49999997/0.0/0.0/0.0/0.0/0.99999994/0.0/0.0/0.0/0.0/1.0
		}

		10
		{
			pos = 0.017000003,-0.13,-0.395
			copytarget = true
			weaponname = TURRET5
			direction = -0.49999997/-0.8660254/-0.0/0.8660254/-0.49999997/0.0/0.0/0.0/-0.99999994/0.49999997/-0.8660254/0.0/0.0/0.8660254/0.49999997/0.0/0.0/0.0/0.0/0.99999994/0.0/0.0/0.0/0.0/1.0
		}

		11
		{
			pos = 0.017000003,-0.13,-0.21500002
			copytarget = true
			weaponname = TURRET5
			direction = -0.49999997/-0.8660254/-0.0/0.8660254/-0.49999997/0.0/0.0/0.0/-0.99999994/0.49999997/-0.8660254/0.0/0.0/0.8660254/0.49999997/0.0/0.0/0.0/0.0/0.99999994/0.0/0.0/0.0/0.0/1.0
		}

		12
		{
			pos = 0.017000003,-0.13,-0.040000003
			copytarget = false
			weaponname = TURRET5
			direction = -0.49999997/-0.8660254/-0.0/0.8660254/-0.49999997/0.0/0.0/0.0/-0.99999994/0.49999997/-0.8660254/0.0/0.0/0.8660254/0.49999997/0.0/0.0/0.0/0.0/0.99999994/0.0/0.0/0.0/0.0/1.0
		}

		13
		{
			pos = 0.047000002,-0.051,0.30500004
			copytarget = false
			weaponname = CANNON6
			direction = -0.5/-0.8660254/0.0/0.8660254/-0.5/0.0/0.0/0.0/-1.0/0.5/-0.8660254/0.0/0.0/0.8660254/0.5/0.0/0.0/0.0/0.0/1.0/0.0/0.0/0.0/0.0/1.0
		}

		14
		{
			pos = 0.047000002,-0.051,0.39000002
			copytarget = false
			weaponname = CANNON6
			direction = -0.5/-0.8660254/0.0/0.8660254/-0.5/0.0/0.0/0.0/-1.0/0.5/-0.8660254/0.0/0.0/0.8660254/0.5/0.0/0.0/0.0/0.0/1.0/0.0/0.0/0.0/0.0/1.0
		}

		15
		{
			pos = -0.025,0.0,-0.49
			copytarget = true
			weaponname = CANNON1
			direction = 4.371139E-8/-1.0/-0.0/1.0/4.371139E-8/0.0/0.0/0.0/-0.99999994/-4.371139E-8/-1.0/-0.0/-0.0/1.0/-4.371139E-8/0.0/0.0/0.0/0.0/0.99999994/0.0/0.0/0.0/0.0/1.0
		}

		16
		{
			pos = -0.07,0.0,-0.395
			copytarget = true
			weaponname = CANNON6
			direction = 4.371139E-8/1.0/0.0/-1.0/4.371139E-8/-0.0/0.0/0.0/-0.99999994/-4.371139E-8/1.0/0.0/0.0/-1.0/-4.371139E-8/-0.0/-0.0/0.0/0.0/0.99999994/0.0/0.0/0.0/0.0/1.0
		}

		17
		{
			pos = -0.07,0.0,-0.21500002
			copytarget = true
			weaponname = CANNON6
			direction = 4.371139E-8/1.0/0.0/-1.0/4.371139E-8/-0.0/0.0/0.0/-0.99999994/-4.371139E-8/1.0/0.0/0.0/-1.0/-4.371139E-8/-0.0/-0.0/0.0/0.0/0.99999994/0.0/0.0/0.0/0.0/1.0
		}

		18
		{
			pos = -0.07,0.0,-0.040000003
			copytarget = false
			weaponname = CANNON6
			direction = 4.371139E-8/1.0/0.0/-1.0/4.371139E-8/-0.0/0.0/0.0/-0.99999994/-4.371139E-8/1.0/0.0/0.0/-1.0/-4.371139E-8/-0.0/-0.0/0.0/0.0/0.99999994/0.0/0.0/0.0/0.0/1.0
		}

		19
		{
			pos = -0.060000002,-0.043,-0.395
			copytarget = true
			weaponname = TURRET5
			direction = -0.49999997/0.8660254/0.0/-0.8660254/-0.49999997/-0.0/0.0/0.0/-0.99999994/0.49999997/0.8660254/0.0/0.0/-0.8660254/0.49999997/0.0/0.0/0.0/0.0/0.99999994/0.0/0.0/0.0/0.0/1.0
		}

		20
		{
			pos = -0.060000002,-0.043,-0.21500002
			copytarget = true
			weaponname = TURRET5
			direction = -0.49999997/0.8660254/0.0/-0.8660254/-0.49999997/-0.0/0.0/0.0/-0.99999994/0.49999997/0.8660254/0.0/0.0/-0.8660254/0.49999997/0.0/0.0/0.0/0.0/0.99999994/0.0/0.0/0.0/0.0/1.0
		}

		21
		{
			pos = -0.060000002,-0.043,-0.040000003
			copytarget = false
			weaponname = TURRET5
			direction = -0.49999997/0.8660254/0.0/-0.8660254/-0.49999997/-0.0/0.0/0.0/-0.99999994/0.49999997/0.8660254/0.0/0.0/-0.8660254/0.49999997/0.0/0.0/0.0/0.0/0.99999994/0.0/0.0/0.0/0.0/1.0
		}

		22
		{
			pos = -0.039,-0.085,-0.395
			copytarget = true
			weaponname = TURRET5
			direction = -0.49999997/0.8660254/0.0/-0.8660254/-0.49999997/-0.0/0.0/0.0/-0.99999994/0.49999997/0.8660254/0.0/0.0/-0.8660254/0.49999997/0.0/0.0/0.0/0.0/0.99999994/0.0/0.0/0.0/0.0/1.0
		}

		23
		{
			pos = -0.039,-0.085,-0.21500002
			copytarget = true
			weaponname = TURRET5
			direction = -0.49999997/0.8660254/0.0/-0.8660254/-0.49999997/-0.0/0.0/0.0/-0.99999994/0.49999997/0.8660254/0.0/0.0/-0.8660254/0.49999997/0.0/0.0/0.0/0.0/0.99999994/0.0/0.0/0.0/0.0/1.0
		}

		24
		{
			pos = -0.039,-0.085,-0.040000003
			copytarget = false
			weaponname = TURRET5
			direction = -0.49999997/0.8660254/0.0/-0.8660254/-0.49999997/-0.0/0.0/0.0/-0.99999994/0.49999997/0.8660254/0.0/0.0/-0.8660254/0.49999997/0.0/0.0/0.0/0.0/0.99999994/0.0/0.0/0.0/0.0/1.0
		}

		25
		{
			pos = -0.017000003,-0.13,-0.395
			copytarget = true
			weaponname = TURRET5
			direction = -0.49999997/0.8660254/0.0/-0.8660254/-0.49999997/-0.0/0.0/0.0/-0.99999994/0.49999997/0.8660254/0.0/0.0/-0.8660254/0.49999997/0.0/0.0/0.0/0.0/0.99999994/0.0/0.0/0.0/0.0/1.0
		}

		26
		{
			pos = -0.017000003,-0.13,-0.21500002
			copytarget = true
			weaponname = TURRET5
			direction = -0.49999997/0.8660254/0.0/-0.8660254/-0.49999997/-0.0/0.0/0.0/-0.99999994/0.49999997/0.8660254/0.0/0.0/-0.8660254/0.49999997/0.0/0.0/0.0/0.0/0.99999994/0.0/0.0/0.0/0.0/1.0
		}

		27
		{
			pos = -0.017000003,-0.13,-0.040000003
			copytarget = false
			weaponname = TURRET5
			direction = -0.49999997/0.8660254/0.0/-0.8660254/-0.49999997/-0.0/0.0/0.0/-0.99999994/0.49999997/0.8660254/0.0/0.0/-0.8660254/0.49999997/0.0/0.0/0.0/0.0/0.99999994/0.0/0.0/0.0/0.0/1.0
		}

		28
		{
			pos = -0.047000002,-0.051,0.30500004
			copytarget = false
			weaponname = CANNON6
			direction = -0.49999997/0.8660253/0.0/-0.8660253/-0.49999997/0.0/0.0/0.0/-1.0/0.49999997/0.8660253/0.0/0.0/-0.8660253/0.49999997/0.0/0.0/0.0/0.0/1.0/0.0/0.0/0.0/0.0/1.0
		}

		29
		{
			pos = -0.047000002,-0.051,0.39000002
			copytarget = false
			weaponname = CANNON6
			direction = -0.49999997/0.8660253/0.0/-0.8660253/-0.49999997/0.0/0.0/0.0/-1.0/0.49999997/0.8660253/0.0/0.0/-0.8660253/0.49999997/0.0/0.0/0.0/0.0/1.0/0.0/0.0/0.0/0.0/1.0
		}

		30
		{
			pos = 0.0,0.033000004,-0.385
			copytarget = true
			weaponname = RAYCANNON2
			direction = 1.0/8.609463E-8/-1.5180808E-8/-8.742278E-8/0.9848077/-0.1736482/0.0/-0.17364818/-0.98480755/-1.0/8.742278E-8/0.0/0.0/-8.609463E-8/-0.9848077/0.17364818/0.0/1.5180808E-8/0.1736482/0.98480755/0.0/0.0/0.0/0.0/1.0
		}

		31
		{
			pos = 0.0,0.063,-0.21300001
			copytarget = false
			weaponname = RAYCANNON2
			direction = 1.0/8.609463E-8/-1.5180808E-8/-8.742278E-8/0.9848077/-0.1736482/0.0/-0.17364818/-0.98480755/-1.0/8.742278E-8/0.0/0.0/-8.609463E-8/-0.9848077/0.17364818/0.0/1.5180808E-8/0.1736482/0.98480755/0.0/0.0/0.0/0.0/1.0
		}

		32
		{
			pos = 0.0,0.095,-0.033000004
			copytarget = false
			weaponname = RAYCANNON2
			direction = 1.0/8.609463E-8/-1.5180808E-8/-8.742278E-8/0.9848077/-0.1736482/0.0/-0.17364818/-0.98480755/-1.0/8.742278E-8/0.0/0.0/-8.609463E-8/-0.9848077/0.17364818/0.0/1.5180808E-8/0.1736482/0.98480755/0.0/0.0/0.0/0.0/1.0
		}

		33
		{
			pos = 0.0,0.125,0.115
			copytarget = true
			weaponname = LAUNCHER4
			direction = -0.99999994/0.0/0.0/0.0/-0.17364816/-0.9848077/0.0/0.9848077/-0.17364816/0.99999994/0.0/0.0/0.0/0.0/0.17364816/-0.9848077/0.0/0.0/0.9848077/0.17364816/0.0/0.0/0.0/0.0/1.0
		}

		34
		{
			pos = 0.0,0.135,0.17
			copytarget = false
			weaponname = LAUNCHER4
			direction = -0.99999994/0.0/0.0/0.0/-0.17364816/-0.9848077/0.0/0.9848077/-0.17364816/0.99999994/0.0/0.0/0.0/0.0/0.17364816/-0.9848077/0.0/0.0/0.9848077/0.17364816/0.0/0.0/0.0/0.0/1.0
		}
	}
	container = 
	port = 
}
