controls
{
	horizontal
	{
		speed = 2122.4
		thrust = 0.49
		brake = 2.04
	}

	vertical
	{
		speed = 559.80005
		thrust = 0.92
		brake = -0.04
	}

	rotation
	{
		pitch = 0.027
		yaw = 0.025
		roll = 0.072
	}

	hyper
	{
		speed = 0.85
		thrust = 0.463
	}

	afterburn
	{
		power = 2.8000002
		time = 4.2
		cooldown = 28.5
		smoothness = 3.2
	}
}
name = Unknown
manufacturer = GM

class
{
	rank = 4
	name = 0
}

info
{
	size = 284.6
	health = 11415.0
	shield = 3252.0
	mass = 439.1
	maxcargo = 121
}

model
{
	uselight = true
	metal = SHIP/38m
	glass = SHIP/38g
}

thrust
{
	model = THRUST/5
	texture = RED1
}

components
{
	thrust
	{
		0
		{
			pos = 0.095,0.0,0.448
			size = 0.07
			rotation = 0.0
		}

		1
		{
			pos = 0.095,-0.016,0.448
			size = 0.07
			rotation = 0.0
		}

		2
		{
			pos = 0.095,-0.032,0.448
			size = 0.07
			rotation = 0.0
		}

		3
		{
			pos = 0.095,0.016,0.448
			size = 0.07
			rotation = 0.0
		}

		4
		{
			pos = 0.095,0.032,0.448
			size = 0.07
			rotation = 0.0
		}

		5
		{
			pos = 0.181,0.0,0.448
			size = 0.07
			rotation = 0.0
		}

		6
		{
			pos = 0.181,-0.016,0.448
			size = 0.07
			rotation = 0.0
		}

		7
		{
			pos = 0.181,-0.032,0.448
			size = 0.07
			rotation = 0.0
		}

		8
		{
			pos = 0.181,0.016,0.448
			size = 0.07
			rotation = 0.0
		}

		9
		{
			pos = 0.181,0.032,0.448
			size = 0.07
			rotation = 0.0
		}

		10
		{
			pos = -0.095,0.0,0.448
			size = 0.07
			rotation = 0.0
		}

		11
		{
			pos = -0.095,-0.016,0.448
			size = 0.07
			rotation = 0.0
		}

		12
		{
			pos = -0.095,-0.032,0.448
			size = 0.07
			rotation = 0.0
		}

		13
		{
			pos = -0.095,0.016,0.448
			size = 0.07
			rotation = 0.0
		}

		14
		{
			pos = -0.095,0.032,0.448
			size = 0.07
			rotation = 0.0
		}

		15
		{
			pos = -0.181,0.0,0.448
			size = 0.07
			rotation = 0.0
		}

		16
		{
			pos = -0.181,-0.016,0.448
			size = 0.07
			rotation = 0.0
		}

		17
		{
			pos = -0.181,-0.032,0.448
			size = 0.07
			rotation = 0.0
		}

		18
		{
			pos = -0.181,0.016,0.448
			size = 0.07
			rotation = 0.0
		}

		19
		{
			pos = -0.181,0.032,0.448
			size = 0.07
			rotation = 0.0
		}
	}

	collider
	{
		0
		{
			pos = 0.028,0.0,-0.49
			size = 0.040000003
			strength = 1
		}

		1
		{
			pos = 0.030000001,0.0,-0.422
			size = 0.041000005
			strength = 1
		}

		2
		{
			pos = 0.032,0.0,-0.358
			size = 0.042
			strength = 1
		}

		3
		{
			pos = 0.034000006,0.0,-0.296
			size = 0.044
			strength = 1
		}

		4
		{
			pos = 0.037,0.0,-0.228
			size = 0.047000002
			strength = 1
		}

		5
		{
			pos = 0.037,0.0,-0.155
			size = 0.049000002
			strength = 0
		}

		6
		{
			pos = 0.037,0.0,-0.089999996
			size = 0.049000002
			strength = 0
		}

		7
		{
			pos = 0.040000003,0.0,-0.031000001
			size = 0.049000002
			strength = 0
		}

		8
		{
			pos = 0.037,0.0,0.042
			size = 0.060000002
			strength = 0
		}

		9
		{
			pos = 0.037,0.0,0.11900001
			size = 0.062000003
			strength = 0
		}

		10
		{
			pos = 0.037,0.0,0.194
			size = 0.065
			strength = 0
		}

		11
		{
			pos = 0.037,0.0,0.25
			size = 0.060000002
			strength = 0
		}

		12
		{
			pos = 0.1,0.0,-0.123
			size = 0.040000003
			strength = 1
		}

		13
		{
			pos = 0.109000005,0.0,-0.043
			size = 0.040000003
			strength = 1
		}

		14
		{
			pos = 0.111,0.0,0.037
			size = 0.040000003
			strength = 1
		}

		15
		{
			pos = 0.115,0.0,0.11799999
			size = 0.040000003
			strength = 1
		}

		16
		{
			pos = 0.11900001,0.0,0.198
			size = 0.040000003
			strength = 1
		}

		17
		{
			pos = 0.16900001,0.0,0.16900001
			size = 0.040000003
			strength = 1
		}

		18
		{
			pos = 0.165,0.0,0.093
			size = 0.040000003
			strength = 1
		}

		19
		{
			pos = 0.165,0.0,0.017000003
			size = 0.040000003
			strength = 1
		}

		20
		{
			pos = 0.149,0.0,-0.061
			size = 0.040000003
			strength = 1
		}

		21
		{
			pos = 0.19700001,0.0,-0.0050000004
			size = 0.040000003
			strength = 1
		}

		22
		{
			pos = 0.20899999,0.0,0.06600001
			size = 0.040000003
			strength = 1
		}

		23
		{
			pos = 0.21500002,0.0,0.135
			size = 0.040000003
			strength = 1
		}

		24
		{
			pos = 0.0,0.0,0.344
			size = 0.05
			strength = -1
		}

		25
		{
			pos = 0.0,0.0,0.423
			size = 0.05
			strength = -1
		}

		26
		{
			pos = 0.048000004,0.0,0.398
			size = 0.030000001
			strength = -2
		}

		27
		{
			pos = 0.14,0.0,0.398
			size = 0.030000001
			strength = -2
		}

		28
		{
			pos = 0.09600001,-0.019,0.365
			size = 0.031000001
			strength = 0
		}

		29
		{
			pos = 0.09600001,-0.019,0.40500003
			size = 0.031000001
			strength = -1
		}

		30
		{
			pos = 0.09600001,-0.019,0.44899997
			size = 0.031000001
			strength = -2
		}

		31
		{
			pos = 0.09600001,0.019,0.365
			size = 0.031000001
			strength = 0
		}

		32
		{
			pos = 0.09600001,0.019,0.40500003
			size = 0.031000001
			strength = -1
		}

		33
		{
			pos = 0.09600001,0.019,0.44899997
			size = 0.031000001
			strength = -2
		}

		34
		{
			pos = 0.18200003,-0.019,0.365
			size = 0.031000001
			strength = 0
		}

		35
		{
			pos = 0.18200003,-0.019,0.40500003
			size = 0.031000001
			strength = -1
		}

		36
		{
			pos = 0.18200003,-0.019,0.44899997
			size = 0.031000001
			strength = -2
		}

		37
		{
			pos = 0.18200003,0.019,0.365
			size = 0.031000001
			strength = 0
		}

		38
		{
			pos = 0.18200003,0.019,0.40500003
			size = 0.031000001
			strength = -1
		}

		39
		{
			pos = 0.18200003,0.019,0.44899997
			size = 0.031000001
			strength = -2
		}

		40
		{
			pos = 0.0,-0.046,0.051999997
			size = 0.042
			strength = 2
		}

		41
		{
			pos = 0.0,-0.046,0.122
			size = 0.042
			strength = 2
		}

		42
		{
			pos = 0.0,-0.046,0.18800001
			size = 0.042
			strength = 2
		}

		43
		{
			pos = 0.0,-0.025,-0.124000005
			size = 0.042
			strength = 1
		}

		44
		{
			pos = 0.0,-0.025999999,-0.063
			size = 0.042
			strength = 1
		}

		45
		{
			pos = 0.0,-0.077,0.062000003
			size = 0.030000001
			strength = -2
		}

		46
		{
			pos = 0.0,-0.077,0.10700001
			size = 0.030000001
			strength = -2
		}

		47
		{
			pos = 0.0,-0.077,0.15
			size = 0.030000001
			strength = -2
		}

		48
		{
			pos = -0.028,0.0,-0.49
			size = 0.040000003
			strength = 1
		}

		49
		{
			pos = -0.030000001,0.0,-0.422
			size = 0.041000005
			strength = 1
		}

		50
		{
			pos = -0.032,0.0,-0.358
			size = 0.042
			strength = 1
		}

		51
		{
			pos = -0.034000006,0.0,-0.296
			size = 0.044
			strength = 1
		}

		52
		{
			pos = -0.037,0.0,-0.228
			size = 0.047000002
			strength = 1
		}

		53
		{
			pos = -0.037,0.0,-0.155
			size = 0.049000002
			strength = 0
		}

		54
		{
			pos = -0.037,0.0,-0.089999996
			size = 0.049000002
			strength = 0
		}

		55
		{
			pos = -0.040000003,0.0,-0.031000001
			size = 0.049000002
			strength = 0
		}

		56
		{
			pos = -0.037,0.0,0.042
			size = 0.060000002
			strength = 0
		}

		57
		{
			pos = -0.037,0.0,0.11900001
			size = 0.062000003
			strength = 0
		}

		58
		{
			pos = -0.037,0.0,0.194
			size = 0.065
			strength = 0
		}

		59
		{
			pos = -0.037,0.0,0.25
			size = 0.060000002
			strength = 0
		}

		60
		{
			pos = -0.1,0.0,-0.123
			size = 0.040000003
			strength = 1
		}

		61
		{
			pos = -0.109000005,0.0,-0.043
			size = 0.040000003
			strength = 1
		}

		62
		{
			pos = -0.111,0.0,0.037
			size = 0.040000003
			strength = 1
		}

		63
		{
			pos = -0.115,0.0,0.11799999
			size = 0.040000003
			strength = 1
		}

		64
		{
			pos = -0.11900001,0.0,0.198
			size = 0.040000003
			strength = 1
		}

		65
		{
			pos = -0.16900001,0.0,0.16900001
			size = 0.040000003
			strength = 1
		}

		66
		{
			pos = -0.165,0.0,0.093
			size = 0.040000003
			strength = 1
		}

		67
		{
			pos = -0.165,0.0,0.017000003
			size = 0.040000003
			strength = 1
		}

		68
		{
			pos = -0.149,0.0,-0.061
			size = 0.040000003
			strength = 1
		}

		69
		{
			pos = -0.19700001,0.0,-0.0050000004
			size = 0.040000003
			strength = 1
		}

		70
		{
			pos = -0.20899999,0.0,0.06600001
			size = 0.040000003
			strength = 1
		}

		71
		{
			pos = -0.21500002,0.0,0.135
			size = 0.040000003
			strength = 1
		}

		72
		{
			pos = -0.048000004,0.0,0.398
			size = 0.030000001
			strength = -2
		}

		73
		{
			pos = -0.14,0.0,0.398
			size = 0.030000001
			strength = -2
		}

		74
		{
			pos = -0.09600001,-0.019,0.365
			size = 0.031000001
			strength = 0
		}

		75
		{
			pos = -0.09600001,-0.019,0.40500003
			size = 0.031000001
			strength = -1
		}

		76
		{
			pos = -0.09600001,-0.019,0.44899997
			size = 0.031000001
			strength = -2
		}

		77
		{
			pos = -0.09600001,0.019,0.365
			size = 0.031000001
			strength = 0
		}

		78
		{
			pos = -0.09600001,0.019,0.40500003
			size = 0.031000001
			strength = -1
		}

		79
		{
			pos = -0.09600001,0.019,0.44899997
			size = 0.031000001
			strength = -2
		}

		80
		{
			pos = -0.18200003,-0.019,0.365
			size = 0.031000001
			strength = 0
		}

		81
		{
			pos = -0.18200003,-0.019,0.40500003
			size = 0.031000001
			strength = -1
		}

		82
		{
			pos = -0.18200003,-0.019,0.44899997
			size = 0.031000001
			strength = -2
		}

		83
		{
			pos = -0.18200003,0.019,0.365
			size = 0.031000001
			strength = 0
		}

		84
		{
			pos = -0.18200003,0.019,0.40500003
			size = 0.031000001
			strength = -1
		}

		85
		{
			pos = -0.18200003,0.019,0.44899997
			size = 0.031000001
			strength = -2
		}
	}

	weapon
	{
		0
		{
			pos = 0.028,0.0,-0.545
			copytarget = true
			weaponname = CANNON0
			direction = -1.0/0.0/0.0/0.0/-1.0/0.0/0.0/0.0/-1.0/1.0/0.0/0.0/0.0/0.0/1.0/0.0/0.0/0.0/0.0/1.0/0.0/0.0/0.0/0.0/1.0
		}

		1
		{
			pos = 0.0,-0.044999998,-0.120000005
			copytarget = false
			weaponname = TURRET8
			direction = -1.0/0.0/0.0/0.0/-1.0/0.0/0.0/0.0/-1.0/1.0/0.0/0.0/0.0/0.0/1.0/0.0/0.0/0.0/0.0/1.0/0.0/0.0/0.0/0.0/1.0
		}

		2
		{
			pos = 0.0,-0.044999998,-0.065
			copytarget = false
			weaponname = TURRET8
			direction = -1.0/0.0/0.0/0.0/-1.0/0.0/0.0/0.0/-1.0/1.0/0.0/0.0/0.0/0.0/1.0/0.0/0.0/0.0/0.0/1.0/0.0/0.0/0.0/0.0/1.0
		}

		3
		{
			pos = 0.24000001,0.0,0.080000006
			copytarget = true
			weaponname = LAUNCHER3
			direction = 4.371139E-8/-1.0/-0.0/1.0/4.371139E-8/0.0/0.0/0.0/-0.99999994/-4.371139E-8/-1.0/-0.0/-0.0/1.0/-4.371139E-8/0.0/0.0/0.0/0.0/0.99999994/0.0/0.0/0.0/0.0/1.0
		}

		4
		{
			pos = 0.0,0.044999998,0.055000003
			copytarget = true
			weaponname = RAYCANNON2
			direction = 1.0/8.742278E-8/0.0/-8.742278E-8/1.0/-0.0/0.0/0.0/-0.9999999/-1.0/8.742278E-8/0.0/0.0/-8.742278E-8/-1.0/0.0/0.0/0.0/0.0/0.9999999/0.0/0.0/0.0/0.0/1.0
		}

		5
		{
			pos = 0.0,0.040000003,-0.080000006
			copytarget = true
			weaponname = RAYCANNON2
			direction = 1.0/8.742278E-8/0.0/-8.742278E-8/1.0/-0.0/0.0/0.0/-0.9999999/-1.0/8.742278E-8/0.0/0.0/-8.742278E-8/-1.0/0.0/0.0/0.0/0.0/0.9999999/0.0/0.0/0.0/0.0/1.0
		}

		6
		{
			pos = 0.040000003,0.035,0.212
			copytarget = false
			weaponname = CANNON4
			direction = 1.0/8.742278E-8/0.0/-8.742278E-8/1.0/-0.0/0.0/0.0/-0.9999999/-1.0/8.742278E-8/0.0/0.0/-8.742278E-8/-1.0/0.0/0.0/0.0/0.0/0.9999999/0.0/0.0/0.0/0.0/1.0
		}

		7
		{
			pos = 0.172,0.002,0.080000006
			copytarget = true
			weaponname = CANNON11
			direction = -1.0/0.0/0.0/0.0/-1.0/0.0/0.0/0.0/-1.0/1.0/0.0/0.0/0.0/0.0/1.0/0.0/0.0/0.0/0.0/1.0/0.0/0.0/0.0/0.0/1.0
		}

		8
		{
			pos = 0.172,-0.002,0.080000006
			copytarget = true
			weaponname = CANNON11
			direction = 1.0/8.742278E-8/0.0/-8.742278E-8/1.0/-0.0/0.0/0.0/-0.9999999/-1.0/8.742278E-8/0.0/0.0/-8.742278E-8/-1.0/0.0/0.0/0.0/0.0/0.9999999/0.0/0.0/0.0/0.0/1.0
		}

		9
		{
			pos = 0.0,-0.025,0.4
			copytarget = false
			weaponname = LAUNCHER4
			direction = -0.99999994/0.0/0.0/0.0/4.371139E-8/1.0/-0.0/-1.0/4.371139E-8/0.99999994/0.0/0.0/0.0/0.0/-4.371139E-8/1.0/0.0/-0.0/-1.0/-4.371139E-8/-0.0/0.0/0.0/0.0/1.0
		}

		10
		{
			pos = 0.0,0.025,0.4
			copytarget = true
			weaponname = LAUNCHER4
			direction = 0.99999994/8.742277E-8/0.0/3.821371E-15/-4.371139E-8/0.9999999/-8.742278E-8/1.0/4.371138E-8/-0.99999994/-3.821371E-15/8.742278E-8/-0.0/-8.742277E-8/4.371139E-8/-1.0/0.0/0.0/-0.9999999/-4.371138E-8/0.0/0.0/0.0/0.0/1.0
		}

		11
		{
			pos = 0.055000003,0.0,-0.49400002
			copytarget = true
			weaponname = TURRET18
			direction = 4.3545054E-8/-1.0/-3.809698E-9/0.9961948/4.371139E-8/-0.08715574/-0.08715575/0.0/-0.9961948/-4.3545054E-8/-0.9961948/0.08715575/0.0/1.0/-4.371139E-8/0.0/0.0/3.809698E-9/0.08715574/0.9961948/0.0/0.0/0.0/0.0/1.0
		}

		12
		{
			pos = 0.061,0.0,-0.424
			copytarget = false
			weaponname = TURRET18
			direction = 4.3545054E-8/-1.0/-3.809698E-9/0.9961948/4.371139E-8/-0.08715574/-0.08715575/0.0/-0.9961948/-4.3545054E-8/-0.9961948/0.08715575/0.0/1.0/-4.371139E-8/0.0/0.0/3.809698E-9/0.08715574/0.9961948/0.0/0.0/0.0/0.0/1.0
		}

		13
		{
			pos = 0.06600001,0.0,-0.35999998
			copytarget = true
			weaponname = TURRET18
			direction = 4.3545054E-8/-1.0/-3.809698E-9/0.9961948/4.371139E-8/-0.08715574/-0.08715575/0.0/-0.9961948/-4.3545054E-8/-0.9961948/0.08715575/0.0/1.0/-4.371139E-8/0.0/0.0/3.809698E-9/0.08715574/0.9961948/0.0/0.0/0.0/0.0/1.0
		}

		14
		{
			pos = 0.071,0.0,-0.29700002
			copytarget = false
			weaponname = TURRET18
			direction = 4.3545054E-8/-1.0/-3.809698E-9/0.9961948/4.371139E-8/-0.08715574/-0.08715575/0.0/-0.9961948/-4.3545054E-8/-0.9961948/0.08715575/0.0/1.0/-4.371139E-8/0.0/0.0/3.809698E-9/0.08715574/0.9961948/0.0/0.0/0.0/0.0/1.0
		}

		15
		{
			pos = 0.077,0.0,-0.232
			copytarget = true
			weaponname = TURRET18
			direction = 4.3545054E-8/-1.0/-3.809698E-9/0.9961948/4.371139E-8/-0.08715574/-0.08715575/0.0/-0.9961948/-4.3545054E-8/-0.9961948/0.08715575/0.0/1.0/-4.371139E-8/0.0/0.0/3.809698E-9/0.08715574/0.9961948/0.0/0.0/0.0/0.0/1.0
		}

		16
		{
			pos = -0.028,0.0,-0.545
			copytarget = true
			weaponname = CANNON0
			direction = -1.0/0.0/0.0/0.0/-1.0/0.0/0.0/0.0/-1.0/1.0/0.0/0.0/0.0/0.0/1.0/0.0/0.0/0.0/0.0/1.0/0.0/0.0/0.0/0.0/1.0
		}

		17
		{
			pos = -0.24000001,0.0,0.080000006
			copytarget = true
			weaponname = LAUNCHER3
			direction = -1.3113416E-7/1.0/-0.0/-1.0/-1.3113416E-7/0.0/0.0/0.0/-0.9999998/1.3113416E-7/1.0/-0.0/-0.0/-1.0/1.3113416E-7/0.0/0.0/0.0/0.0/0.9999998/0.0/0.0/0.0/0.0/1.0
		}

		18
		{
			pos = -0.040000003,0.035,0.212
			copytarget = false
			weaponname = CANNON4
			direction = 1.0/8.742278E-8/0.0/-8.742278E-8/1.0/-0.0/0.0/0.0/-0.9999999/-1.0/8.742278E-8/0.0/0.0/-8.742278E-8/-1.0/0.0/0.0/0.0/0.0/0.9999999/0.0/0.0/0.0/0.0/1.0
		}

		19
		{
			pos = -0.172,0.002,0.080000006
			copytarget = true
			weaponname = CANNON11
			direction = -1.0/0.0/0.0/0.0/-1.0/0.0/0.0/0.0/-1.0/1.0/0.0/0.0/0.0/0.0/1.0/0.0/0.0/0.0/0.0/1.0/0.0/0.0/0.0/0.0/1.0
		}

		20
		{
			pos = -0.172,-0.002,0.080000006
			copytarget = true
			weaponname = CANNON11
			direction = 1.0/8.742278E-8/0.0/-8.742278E-8/1.0/-0.0/0.0/0.0/-0.9999999/-1.0/8.742278E-8/0.0/0.0/-8.742278E-8/-1.0/0.0/0.0/0.0/0.0/0.9999999/0.0/0.0/0.0/0.0/1.0
		}

		21
		{
			pos = -0.055000003,0.0,-0.49400002
			copytarget = true
			weaponname = TURRET18
			direction = -1.3096783E-7/1.0/-3.809698E-9/-0.9961948/-1.3080151E-7/-0.08715572/0.08715575/7.619398E-9/-0.99619466/1.3096783E-7/0.9961948/-0.08715575/0.0/-1.0/1.3080151E-7/-7.619398E-9/0.0/3.809697E-9/0.08715572/0.99619466/0.0/0.0/0.0/0.0/1.0
		}

		22
		{
			pos = -0.061,0.0,-0.424
			copytarget = false
			weaponname = TURRET18
			direction = -1.3096783E-7/1.0/-3.809698E-9/-0.9961948/-1.3080151E-7/-0.08715572/0.08715575/7.619398E-9/-0.99619466/1.3096783E-7/0.9961948/-0.08715575/0.0/-1.0/1.3080151E-7/-7.619398E-9/0.0/3.809697E-9/0.08715572/0.99619466/0.0/0.0/0.0/0.0/1.0
		}

		23
		{
			pos = -0.06600001,0.0,-0.35999998
			copytarget = true
			weaponname = TURRET18
			direction = -1.3096783E-7/1.0/-3.809698E-9/-0.9961948/-1.3080151E-7/-0.08715572/0.08715575/7.619398E-9/-0.99619466/1.3096783E-7/0.9961948/-0.08715575/0.0/-1.0/1.3080151E-7/-7.619398E-9/0.0/3.809697E-9/0.08715572/0.99619466/0.0/0.0/0.0/0.0/1.0
		}

		24
		{
			pos = -0.071,0.0,-0.29700002
			copytarget = false
			weaponname = TURRET18
			direction = -1.3096783E-7/1.0/-3.809698E-9/-0.9961948/-1.3080151E-7/-0.08715572/0.08715575/7.619398E-9/-0.99619466/1.3096783E-7/0.9961948/-0.08715575/0.0/-1.0/1.3080151E-7/-7.619398E-9/0.0/3.809697E-9/0.08715572/0.99619466/0.0/0.0/0.0/0.0/1.0
		}

		25
		{
			pos = -0.077,0.0,-0.232
			copytarget = true
			weaponname = TURRET18
			direction = -1.3096783E-7/1.0/-3.809698E-9/-0.9961948/-1.3080151E-7/-0.08715572/0.08715575/7.619398E-9/-0.99619466/1.3096783E-7/0.9961948/-0.08715575/0.0/-1.0/1.3080151E-7/-7.619398E-9/0.0/3.809697E-9/0.08715572/0.99619466/0.0/0.0/0.0/0.0/1.0
		}
	}
	container = 
	port = 
}
