controls
{
	horizontal
	{
		speed = 3296.7998
		thrust = 0.42
		brake = 1.93
	}

	vertical
	{
		speed = 297.8
		thrust = 0.91
		brake = 0.0
	}

	rotation
	{
		pitch = 0.13
		yaw = 0.108
		roll = 0.218
	}

	hyper
	{
		speed = 0.87
		thrust = 0.451
	}

	afterburn
	{
		power = 1.2
		time = 1.9
		cooldown = 17.3
		smoothness = 2.7
	}
}
name = Unknown
manufacturer = GM

class
{
	rank = 3
	name = 0
}

info
{
	size = 114.2
	health = 4977.0
	shield = 1349.0
	mass = 230.5
	maxcargo = 69
}

model
{
	uselight = true
	metal = SHIP/149m
	glass = SHIP/149g
}

thrust
{
	model = THRUST/0
	texture = RED1
}

components
{
	thrust
	{
		0
		{
			pos = 0.0,0.0,0.46
			size = 0.075
			rotation = 0.0
		}

		1
		{
			pos = 0.05,0.0,0.45300004
			size = 0.055000003
			rotation = 0.0
		}

		2
		{
			pos = -0.05,0.0,0.45300004
			size = 0.055000003
			rotation = 0.0
		}
	}

	collider
	{
		0
		{
			pos = 0.0,0.0,-0.47
			size = 0.05
			strength = 0
		}

		1
		{
			pos = 0.030000001,0.0,-0.39000002
			size = 0.05
			strength = 0
		}

		2
		{
			pos = 0.055000003,0.0,-0.30500004
			size = 0.051
			strength = 0
		}

		3
		{
			pos = 0.080000006,0.0,-0.22000001
			size = 0.051999997
			strength = 0
		}

		4
		{
			pos = 0.105,0.0,-0.13
			size = 0.053
			strength = 0
		}

		5
		{
			pos = 0.13,0.0,-0.035
			size = 0.054
			strength = 0
		}

		6
		{
			pos = 0.14500001,0.0,0.05
			size = 0.055000003
			strength = 0
		}

		7
		{
			pos = 0.14500001,0.0,0.29000002
			size = 0.055000003
			strength = 0
		}

		8
		{
			pos = 0.105,0.0,0.365
			size = 0.055000003
			strength = 0
		}

		9
		{
			pos = 0.05,0.0,0.41500002
			size = 0.055000003
			strength = 0
		}

		10
		{
			pos = 0.13,0.0,0.135
			size = 0.05
			strength = 0
		}

		11
		{
			pos = 0.13,0.0,0.21500002
			size = 0.05
			strength = 0
		}

		12
		{
			pos = 0.035,0.0,-0.13
			size = 0.063
			strength = 1
		}

		13
		{
			pos = 0.044999998,0.0,-0.035
			size = 0.07
			strength = 1
		}

		14
		{
			pos = 0.055000003,0.0,0.05
			size = 0.07
			strength = 1
		}

		15
		{
			pos = 0.055000003,0.0,0.29000002
			size = 0.07
			strength = 1
		}

		16
		{
			pos = 0.035,0.0,0.365
			size = 0.065
			strength = 1
		}

		17
		{
			pos = 0.044999998,0.0,0.135
			size = 0.07
			strength = 1
		}

		18
		{
			pos = 0.044999998,0.0,0.21500002
			size = 0.07
			strength = 1
		}

		19
		{
			pos = 0.0,0.0,-0.31
			size = 0.062000003
			strength = 1
		}

		20
		{
			pos = 0.0,0.0,-0.21
			size = 0.065
			strength = 1
		}

		21
		{
			pos = 0.0,0.0,-0.080000006
			size = 0.07
			strength = 1
		}

		22
		{
			pos = 0.0,0.0,0.020000001
			size = 0.075
			strength = 1
		}

		23
		{
			pos = 0.0,0.0,0.32000002
			size = 0.075
			strength = 1
		}

		24
		{
			pos = 0.0,0.0,0.41500002
			size = 0.055000003
			strength = 0
		}

		25
		{
			pos = 0.0,0.0,0.465
			size = 0.025
			strength = -2
		}

		26
		{
			pos = 0.051999997,0.0,0.46
			size = 0.020000001
			strength = -2
		}

		27
		{
			pos = -0.030000001,0.0,-0.39000002
			size = 0.05
			strength = 0
		}

		28
		{
			pos = -0.055000003,0.0,-0.30500004
			size = 0.051
			strength = 0
		}

		29
		{
			pos = -0.080000006,0.0,-0.22000001
			size = 0.051999997
			strength = 0
		}

		30
		{
			pos = -0.105,0.0,-0.13
			size = 0.053
			strength = 0
		}

		31
		{
			pos = -0.13,0.0,-0.035
			size = 0.054
			strength = 0
		}

		32
		{
			pos = -0.14500001,0.0,0.05
			size = 0.055000003
			strength = 0
		}

		33
		{
			pos = -0.14500001,0.0,0.29000002
			size = 0.055000003
			strength = 0
		}

		34
		{
			pos = -0.105,0.0,0.365
			size = 0.055000003
			strength = 0
		}

		35
		{
			pos = -0.05,0.0,0.41500002
			size = 0.055000003
			strength = 0
		}

		36
		{
			pos = -0.13,0.0,0.135
			size = 0.05
			strength = 0
		}

		37
		{
			pos = -0.13,0.0,0.21500002
			size = 0.05
			strength = 0
		}

		38
		{
			pos = -0.035,0.0,-0.13
			size = 0.063
			strength = 1
		}

		39
		{
			pos = -0.044999998,0.0,-0.035
			size = 0.07
			strength = 1
		}

		40
		{
			pos = -0.055000003,0.0,0.05
			size = 0.07
			strength = 1
		}

		41
		{
			pos = -0.055000003,0.0,0.29000002
			size = 0.07
			strength = 1
		}

		42
		{
			pos = -0.035,0.0,0.365
			size = 0.065
			strength = 1
		}

		43
		{
			pos = -0.044999998,0.0,0.135
			size = 0.07
			strength = 1
		}

		44
		{
			pos = -0.044999998,0.0,0.21500002
			size = 0.07
			strength = 1
		}

		45
		{
			pos = -0.051999997,0.0,0.46
			size = 0.020000001
			strength = -2
		}
	}

	weapon
	{
		0
		{
			pos = 0.053,0.0,-0.365
			copytarget = true
			weaponname = TURRET5
			direction = 4.222196E-8/-1.0/-1.131334E-8/0.9659258/4.371139E-8/-0.25881904/-0.258819/0.0/-0.9659257/-4.222196E-8/-0.9659258/0.258819/0.0/1.0/-4.371139E-8/0.0/0.0/1.131334E-8/0.25881904/0.9659257/0.0/0.0/0.0/0.0/1.0
		}

		1
		{
			pos = 0.128,0.0,-0.095
			copytarget = true
			weaponname = TURRET5
			direction = 4.222196E-8/-1.0/-1.131334E-8/0.9659258/4.371139E-8/-0.25881904/-0.258819/0.0/-0.9659257/-4.222196E-8/-0.9659258/0.258819/0.0/1.0/-4.371139E-8/0.0/0.0/1.131334E-8/0.25881904/0.9659257/0.0/0.0/0.0/0.0/1.0
		}

		2
		{
			pos = 0.125,0.0,0.35
			copytarget = false
			weaponname = LAUNCHER0
			direction = 3.7855173E-8/-1.0/2.185569E-8/0.86602485/4.371139E-8/0.49999994/0.49999964/0.0/-0.8660252/-3.7855145E-8/-0.86602485/-0.49999964/0.0/1.0/-4.371139E-8/0.0/0.0/-2.185569E-8/-0.49999994/0.8660252/0.0/0.0/0.0/0.0/1.0
		}

		3
		{
			pos = 0.120000005,0.0,0.165
			copytarget = true
			weaponname = RAYCANNON2
			direction = 4.371139E-8/-1.0/-0.0/1.0/4.371139E-8/0.0/0.0/0.0/-0.99999994/-4.371139E-8/-1.0/-0.0/-0.0/1.0/-4.371139E-8/0.0/0.0/0.0/0.0/0.99999994/0.0/0.0/0.0/0.0/1.0
		}

		4
		{
			pos = 0.080000006,-0.037,0.175
			copytarget = true
			weaponname = TURRET18
			direction = -0.9848078/-0.17364816/0.0/0.17364816/-0.9848078/0.0/0.0/0.0/-1.0/0.9848078/-0.17364816/0.0/0.0/0.17364816/0.9848078/0.0/0.0/0.0/0.0/1.0/0.0/0.0/0.0/0.0/1.0
		}

		5
		{
			pos = 0.080000006,0.040000003,0.175
			copytarget = false
			weaponname = TURRET18
			direction = 0.9848078/-0.17364807/0.0/0.17364807/0.9848078/0.0/0.0/0.0/-0.9999999/-0.9848078/-0.17364807/0.0/0.0/0.17364807/-0.9848078/0.0/0.0/0.0/0.0/0.9999999/0.0/0.0/0.0/0.0/1.0
		}

		6
		{
			pos = -0.053,0.0,-0.365
			copytarget = true
			weaponname = TURRET5
			direction = -1.2964475E-7/1.0/-1.1313338E-8/-0.9659258/-1.281553E-7/-0.25881904/0.258819/2.2626677E-8/-0.9659256/1.2964475E-7/0.9659258/-0.258819/0.0/-1.0/1.281553E-7/-2.2626677E-8/0.0/1.1313338E-8/0.25881898/0.9659256/0.0/0.0/0.0/0.0/1.0
		}

		7
		{
			pos = -0.128,0.0,-0.095
			copytarget = true
			weaponname = TURRET5
			direction = -1.2964475E-7/1.0/-1.1313338E-8/-0.9659258/-1.281553E-7/-0.25881904/0.258819/2.2626677E-8/-0.9659256/1.2964475E-7/0.9659258/-0.258819/0.0/-1.0/1.281553E-7/-2.2626677E-8/0.0/1.1313338E-8/0.25881898/0.9659256/0.0/0.0/0.0/0.0/1.0
		}

		8
		{
			pos = -0.125,0.0,0.35
			copytarget = true
			weaponname = LAUNCHER0
			direction = -1.2527795E-7/1.0/2.1855687E-8/-0.86602485/-1.1942168E-7/0.49999988/-0.49999964/-4.3711356E-8/-0.8660251/1.2527792E-7/0.86602485/0.49999964/0.0/-1.0/1.1942168E-7/4.3711356E-8/0.0/-2.1855687E-8/-0.49999988/0.8660251/0.0/0.0/0.0/0.0/1.0
		}

		9
		{
			pos = -0.120000005,0.0,0.165
			copytarget = true
			weaponname = RAYCANNON2
			direction = -1.3113416E-7/1.0/-0.0/-1.0/-1.3113416E-7/0.0/0.0/0.0/-0.9999998/1.3113416E-7/1.0/-0.0/-0.0/-1.0/1.3113416E-7/0.0/0.0/0.0/0.0/0.9999998/0.0/0.0/0.0/0.0/1.0
		}

		10
		{
			pos = -0.080000006,-0.037,0.175
			copytarget = true
			weaponname = TURRET18
			direction = -0.9848078/0.17364816/0.0/-0.17364816/-0.9848078/0.0/0.0/0.0/-1.0/0.9848078/0.17364816/0.0/0.0/-0.17364816/0.9848078/0.0/0.0/0.0/0.0/1.0/0.0/0.0/0.0/0.0/1.0
		}

		11
		{
			pos = -0.080000006,0.040000003,0.175
			copytarget = false
			weaponname = TURRET18
			direction = 0.9848078/0.17364825/0.0/-0.17364825/0.9848078/-0.0/0.0/0.0/-0.9999999/-0.9848078/0.17364825/0.0/0.0/-0.17364825/-0.9848078/0.0/0.0/0.0/0.0/0.9999999/0.0/0.0/0.0/0.0/1.0
		}
	}
	container = 
	port = 
}
