controls
{
	horizontal
	{
		speed = 1511.3999
		thrust = 0.5
		brake = 1.7900001
	}

	vertical
	{
		speed = 842.19995
		thrust = 0.35000002
		brake = 0.16
	}

	rotation
	{
		pitch = 0.03
		yaw = 0.041
		roll = 0.058
	}

	hyper
	{
		speed = 0.85
		thrust = 0.464
	}

	afterburn
	{
		power = 2.9
		time = 4.6
		cooldown = 29.0
		smoothness = 5.6
	}
}
name = Unknown
manufacturer = IGT

class
{
	rank = 5
	name = 0
}

info
{
	size = 458.5
	health = 22434.0
	shield = 5513.0
	mass = 1055.5
	maxcargo = 316
}

model
{
	uselight = true
	metal = SHIP/14m
	glass = SHIP/14g
}

thrust
{
	model = THRUST/0
	texture = BLUE1
}

components
{
	thrust
	{
		0
		{
			pos = 0.09600001,0.0,0.47
			size = 0.080000006
			rotation = 0.0
		}

		1
		{
			pos = 0.173,0.0,0.465
			size = 0.089999996
			rotation = 0.0
		}

		2
		{
			pos = -0.09600001,0.0,0.47
			size = 0.080000006
			rotation = 0.0
		}

		3
		{
			pos = -0.173,0.0,0.465
			size = 0.089999996
			rotation = 0.0
		}
	}

	collider
	{
		0
		{
			pos = 0.0,0.0,-0.422
			size = 0.053
			strength = -1
		}

		1
		{
			pos = 0.0,0.0,-0.31800005
			size = 0.065
			strength = -1
		}

		2
		{
			pos = 0.0,0.0,-0.19700001
			size = 0.067
			strength = -1
		}

		3
		{
			pos = 0.0,-0.004,-0.06600001
			size = 0.077
			strength = -1
		}

		4
		{
			pos = 0.0,0.0,0.081
			size = 0.074
			strength = -1
		}

		5
		{
			pos = 0.0,0.0,0.224
			size = 0.074
			strength = -1
		}

		6
		{
			pos = 0.0,0.0,0.355
			size = 0.064
			strength = -1
		}

		7
		{
			pos = 0.0,-0.044,0.112
			size = 0.064
			strength = 1
		}

		8
		{
			pos = 0.0,-0.044999998,0.206
			size = 0.051999997
			strength = 1
		}

		9
		{
			pos = 0.0,-0.044,0.275
			size = 0.046
			strength = 1
		}

		10
		{
			pos = 0.0,-0.038,0.32800004
			size = 0.039
			strength = 1
		}

		11
		{
			pos = 0.0,-0.07,-0.068
			size = 0.040000003
			strength = -1
		}

		12
		{
			pos = 0.1,0.0,-0.07
			size = 0.071
			strength = 0
		}

		13
		{
			pos = 0.1,0.0,-0.18700002
			size = 0.071
			strength = 0
		}

		14
		{
			pos = 0.1,0.0,-0.309
			size = 0.071
			strength = 0
		}

		15
		{
			pos = 0.1,0.0,-0.42
			size = 0.058
			strength = 2
		}

		16
		{
			pos = 0.1,0.0,0.296
			size = 0.071
			strength = 0
		}

		17
		{
			pos = 0.1,0.0,0.175
			size = 0.071
			strength = 0
		}

		18
		{
			pos = 0.1,0.0,0.058
			size = 0.071
			strength = 0
		}

		19
		{
			pos = 0.093,0.0,0.378
			size = 0.054
			strength = 2
		}

		20
		{
			pos = 0.15900002,0.0,0.347
			size = 0.054
			strength = 2
		}

		21
		{
			pos = 0.177,0.0,0.058
			size = 0.06600001
			strength = 2
		}

		22
		{
			pos = 0.176,0.0,0.17300001
			size = 0.06600001
			strength = 2
		}

		23
		{
			pos = 0.166,0.0,0.271
			size = 0.06600001
			strength = 2
		}

		24
		{
			pos = 0.186,0.0,-0.060000002
			size = 0.06600001
			strength = 2
		}

		25
		{
			pos = 0.178,0.0,-0.16900001
			size = 0.06600001
			strength = 2
		}

		26
		{
			pos = 0.177,0.0,-0.281
			size = 0.06600001
			strength = 2
		}

		27
		{
			pos = 0.166,0.0,-0.382
			size = 0.058999997
			strength = 2
		}

		28
		{
			pos = -0.1,0.0,-0.07
			size = 0.071
			strength = 0
		}

		29
		{
			pos = -0.1,0.0,-0.18700002
			size = 0.071
			strength = 0
		}

		30
		{
			pos = -0.1,0.0,-0.309
			size = 0.071
			strength = 0
		}

		31
		{
			pos = -0.1,0.0,-0.42
			size = 0.058
			strength = 2
		}

		32
		{
			pos = -0.1,0.0,0.296
			size = 0.071
			strength = 0
		}

		33
		{
			pos = -0.1,0.0,0.175
			size = 0.071
			strength = 0
		}

		34
		{
			pos = -0.1,0.0,0.058
			size = 0.071
			strength = 0
		}

		35
		{
			pos = -0.093,0.0,0.378
			size = 0.054
			strength = 2
		}

		36
		{
			pos = -0.15900002,0.0,0.347
			size = 0.054
			strength = 2
		}

		37
		{
			pos = -0.177,0.0,0.058
			size = 0.06600001
			strength = 2
		}

		38
		{
			pos = -0.176,0.0,0.17300001
			size = 0.06600001
			strength = 2
		}

		39
		{
			pos = -0.166,0.0,0.271
			size = 0.06600001
			strength = 2
		}

		40
		{
			pos = -0.186,0.0,-0.060000002
			size = 0.06600001
			strength = 2
		}

		41
		{
			pos = -0.178,0.0,-0.16900001
			size = 0.06600001
			strength = 2
		}

		42
		{
			pos = -0.177,0.0,-0.281
			size = 0.06600001
			strength = 2
		}

		43
		{
			pos = -0.166,0.0,-0.382
			size = 0.058999997
			strength = 2
		}

		44
		{
			pos = 0.172,0.0,0.432
			size = 0.040000003
			strength = -1
		}

		45
		{
			pos = 0.094000004,0.0,0.448
			size = 0.040000003
			strength = -1
		}

		46
		{
			pos = -0.172,0.0,0.432
			size = 0.040000003
			strength = -1
		}

		47
		{
			pos = -0.094000004,0.0,0.448
			size = 0.040000003
			strength = -1
		}
	}

	weapon
	{
		0
		{
			pos = 0.21700001,0.0,-0.406
			copytarget = true
			weaponname = CANNON6
			direction = 4.3047315E-8/-1.0/-7.590402E-9/0.9848078/4.371139E-8/-0.17364816/-0.17364818/0.0/-0.9848078/-4.3047315E-8/-0.9848078/0.17364818/0.0/1.0/-4.371139E-8/0.0/0.0/7.590402E-9/0.17364816/0.9848078/0.0/0.0/0.0/0.0/1.0
		}

		1
		{
			pos = 0.234,2.2351744E-11,-0.30500004
			copytarget = true
			weaponname = CANNON6
			direction = 4.3047315E-8/-1.0/-7.590403E-9/0.9848078/4.371139E-8/-0.17364816/-0.17364815/0.0/-0.9848077/-4.3047315E-8/-0.9848078/0.17364815/0.0/1.0/-4.371139E-8/0.0/0.0/7.590403E-9/0.17364816/0.9848077/0.0/0.0/0.0/0.0/1.0
		}

		2
		{
			pos = 0.22500001,0.0,-0.357
			copytarget = false
			weaponname = CANNON6
			direction = 4.3047315E-8/-1.0/-7.590402E-9/0.9848078/4.371139E-8/-0.17364816/-0.17364818/0.0/-0.9848078/-4.3047315E-8/-0.9848078/0.17364818/0.0/1.0/-4.371139E-8/0.0/0.0/7.590402E-9/0.17364816/0.9848078/0.0/0.0/0.0/0.0/1.0
		}

		3
		{
			pos = 0.254,2.2351744E-11,-0.108
			copytarget = false
			weaponname = CANNON6
			direction = 4.371139E-8/-1.0/-0.0/1.0/4.371139E-8/0.0/0.0/0.0/-0.99999994/-4.371139E-8/-1.0/-0.0/-0.0/1.0/-4.371139E-8/0.0/0.0/0.0/0.0/0.99999994/0.0/0.0/0.0/0.0/1.0
		}

		4
		{
			pos = 0.254,2.2351744E-11,-0.0050000004
			copytarget = false
			weaponname = CANNON6
			direction = 4.371139E-8/-1.0/-0.0/1.0/4.371139E-8/0.0/0.0/0.0/-0.99999994/-4.371139E-8/-1.0/-0.0/-0.0/1.0/-4.371139E-8/0.0/0.0/0.0/0.0/0.99999994/0.0/0.0/0.0/0.0/1.0
		}

		5
		{
			pos = 0.254,2.2351744E-11,-0.057
			copytarget = false
			weaponname = CANNON6
			direction = 4.371139E-8/-1.0/-0.0/1.0/4.371139E-8/0.0/0.0/0.0/-0.99999994/-4.371139E-8/-1.0/-0.0/-0.0/1.0/-4.371139E-8/0.0/0.0/0.0/0.0/0.99999994/0.0/0.0/0.0/0.0/1.0
		}

		6
		{
			pos = 0.233,2.2351744E-11,0.2
			copytarget = true
			weaponname = CANNON6
			direction = 4.3047315E-8/-1.0/7.590403E-9/0.9848078/4.371139E-8/0.17364816/0.17364815/0.0/-0.9848077/-4.3047315E-8/-0.9848078/-0.17364815/-0.0/1.0/-4.371139E-8/0.0/0.0/-7.590403E-9/-0.17364816/0.9848077/0.0/0.0/0.0/0.0/1.0
		}

		7
		{
			pos = 0.216,0.0,0.336
			copytarget = true
			weaponname = CANNON6
			direction = 4.3047315E-8/-1.0/7.590403E-9/0.9848078/4.371139E-8/0.17364816/0.17364815/0.0/-0.9848077/-4.3047315E-8/-0.9848078/-0.17364815/-0.0/1.0/-4.371139E-8/0.0/0.0/-7.590403E-9/-0.17364816/0.9848077/0.0/0.0/0.0/0.0/1.0
		}

		8
		{
			pos = 0.223,2.2351744E-11,0.27
			copytarget = false
			weaponname = CANNON6
			direction = 4.3047315E-8/-1.0/7.590403E-9/0.9848078/4.371139E-8/0.17364816/0.17364815/0.0/-0.9848077/-4.3047315E-8/-0.9848078/-0.17364815/-0.0/1.0/-4.371139E-8/0.0/0.0/-7.590403E-9/-0.17364816/0.9848077/0.0/0.0/0.0/0.0/1.0
		}

		9
		{
			pos = 0.042,-0.080000006,0.065
			copytarget = false
			weaponname = LAUNCHER0
			direction = -0.08715569/-0.9961947/-0.0/0.9961947/-0.08715569/0.0/0.0/0.0/-0.99999994/0.08715569/-0.9961947/0.0/0.0/0.9961947/0.08715569/0.0/0.0/0.0/0.0/0.99999994/0.0/0.0/0.0/0.0/1.0
		}

		10
		{
			pos = 0.051999997,0.0,-0.49499997
			copytarget = true
			weaponname = CANNON9
			direction = -1.0/0.0/0.0/0.0/-1.0/0.0/0.0/0.0/-1.0/1.0/0.0/0.0/0.0/0.0/1.0/0.0/0.0/0.0/0.0/1.0/0.0/0.0/0.0/0.0/1.0
		}

		11
		{
			pos = 0.0,0.048000004,-0.108
			copytarget = true
			weaponname = TURRET9
			direction = 1.0/8.742278E-8/0.0/-8.742278E-8/1.0/-0.0/0.0/0.0/-0.9999999/-1.0/8.742278E-8/0.0/0.0/-8.742278E-8/-1.0/0.0/0.0/0.0/0.0/0.9999999/0.0/0.0/0.0/0.0/1.0
		}

		12
		{
			pos = 0.0,0.048000004,-0.057
			copytarget = false
			weaponname = TURRET9
			direction = 1.0/8.742278E-8/0.0/-8.742278E-8/1.0/-0.0/0.0/0.0/-0.9999999/-1.0/8.742278E-8/0.0/0.0/-8.742278E-8/-1.0/0.0/0.0/0.0/0.0/0.9999999/0.0/0.0/0.0/0.0/1.0
		}

		13
		{
			pos = 0.0,0.048000004,-0.0050000004
			copytarget = true
			weaponname = TURRET9
			direction = 1.0/8.742278E-8/0.0/-8.742278E-8/1.0/-0.0/0.0/0.0/-0.9999999/-1.0/8.742278E-8/0.0/0.0/-8.742278E-8/-1.0/0.0/0.0/0.0/0.0/0.9999999/0.0/0.0/0.0/0.0/1.0
		}

		14
		{
			pos = 0.0,0.047000002,0.21
			copytarget = true
			weaponname = CANNON4
			direction = 1.0/8.742278E-8/0.0/-8.742278E-8/1.0/-0.0/0.0/0.0/-0.9999999/-1.0/8.742278E-8/0.0/0.0/-8.742278E-8/-1.0/0.0/0.0/0.0/0.0/0.9999999/0.0/0.0/0.0/0.0/1.0
		}

		15
		{
			pos = 0.0,0.044,0.28
			copytarget = false
			weaponname = CANNON4
			direction = 1.0/8.709011E-8/7.619396E-9/-8.742278E-8/0.9961947/0.08715574/0.0/0.08715573/-0.99619466/-1.0/8.742278E-8/0.0/0.0/-8.709011E-8/-0.9961947/-0.08715573/0.0/-7.619396E-9/-0.08715574/0.99619466/0.0/0.0/0.0/0.0/1.0
		}

		16
		{
			pos = 0.0,0.037,0.35100004
			copytarget = false
			weaponname = CANNON4
			direction = 1.0/8.709011E-8/7.619396E-9/-8.742278E-8/0.9961947/0.08715574/0.0/0.08715573/-0.99619466/-1.0/8.742278E-8/0.0/0.0/-8.709011E-8/-0.9961947/-0.08715573/0.0/-7.619396E-9/-0.08715574/0.99619466/0.0/0.0/0.0/0.0/1.0
		}

		17
		{
			pos = 0.0,-0.089999996,0.115
			copytarget = true
			weaponname = RAYCANNON2
			direction = -1.0/0.0/0.0/0.0/-1.0/0.0/0.0/0.0/-1.0/1.0/0.0/0.0/0.0/0.0/1.0/0.0/0.0/0.0/0.0/1.0/0.0/0.0/0.0/0.0/1.0
		}

		18
		{
			pos = 0.0,-0.084,0.21
			copytarget = true
			weaponname = LAUNCHER4
			direction = 4.371138E-8/-0.0/-0.9999998/-1.0/4.3711385E-8/-4.371139E-8/-4.371139E-8/-0.99999994/-1.9106855E-15/-4.371138E-8/1.0/4.371139E-8/0.0/0.0/-4.3711385E-8/0.99999994/0.0/0.9999998/4.371139E-8/1.9106855E-15/0.0/0.0/0.0/0.0/1.0
		}

		19
		{
			pos = 0.0,-0.080000006,0.275
			copytarget = false
			weaponname = LAUNCHER4
			direction = 4.3711385E-8/-0.08715578/-0.9961947/-0.99999994/-3.8097E-9/-4.3545054E-8/0.0/-0.99619466/0.087155774/-4.3711385E-8/0.99999994/0.0/0.0/0.08715578/3.8097E-9/0.99619466/0.0/0.9961947/4.3545054E-8/-0.087155774/0.0/0.0/0.0/0.0/1.0
		}

		20
		{
			pos = -0.21700001,0.0,-0.406
			copytarget = true
			weaponname = CANNON6
			direction = 4.437546E-8/1.0/-7.590402E-9/-0.9848078/4.2383242E-8/-0.17364813/0.17364818/-1.5180806E-8/-0.98480767/-4.437546E-8/0.9848078/-0.17364818/0.0/-1.0/-4.2383242E-8/1.5180806E-8/0.0/7.5904E-9/0.17364813/0.98480767/0.0/0.0/0.0/0.0/1.0
		}

		21
		{
			pos = -0.234,2.2351744E-11,-0.30500004
			copytarget = true
			weaponname = CANNON6
			direction = 4.437546E-8/1.0/-7.590403E-9/-0.9848078/4.2383242E-8/-0.17364813/0.17364815/-1.5180804E-8/-0.9848076/-4.437546E-8/0.9848078/-0.17364815/0.0/-1.0/-4.2383242E-8/1.5180804E-8/0.0/7.590401E-9/0.17364813/0.9848076/0.0/0.0/0.0/0.0/1.0
		}

		22
		{
			pos = -0.22500001,0.0,-0.357
			copytarget = false
			weaponname = CANNON6
			direction = 4.437546E-8/1.0/-7.590402E-9/-0.9848078/4.2383242E-8/-0.17364813/0.17364818/-1.5180806E-8/-0.98480767/-4.437546E-8/0.9848078/-0.17364818/0.0/-1.0/-4.2383242E-8/1.5180806E-8/0.0/7.5904E-9/0.17364813/0.98480767/0.0/0.0/0.0/0.0/1.0
		}

		23
		{
			pos = -0.254,2.2351744E-11,-0.108
			copytarget = false
			weaponname = CANNON6
			direction = 4.371139E-8/1.0/0.0/-1.0/4.371139E-8/-0.0/0.0/0.0/-0.9999998/-4.371139E-8/1.0/0.0/0.0/-1.0/-4.371139E-8/-0.0/-0.0/0.0/0.0/0.9999998/0.0/0.0/0.0/0.0/1.0
		}

		24
		{
			pos = -0.254,2.2351744E-11,-0.0050000004
			copytarget = false
			weaponname = CANNON6
			direction = 4.371139E-8/1.0/0.0/-1.0/4.371139E-8/-0.0/0.0/0.0/-0.9999998/-4.371139E-8/1.0/0.0/0.0/-1.0/-4.371139E-8/-0.0/-0.0/0.0/0.0/0.9999998/0.0/0.0/0.0/0.0/1.0
		}

		25
		{
			pos = -0.254,2.2351744E-11,-0.057
			copytarget = false
			weaponname = CANNON6
			direction = 4.371139E-8/1.0/0.0/-1.0/4.371139E-8/-0.0/0.0/0.0/-0.9999998/-4.371139E-8/1.0/0.0/0.0/-1.0/-4.371139E-8/-0.0/-0.0/0.0/0.0/0.9999998/0.0/0.0/0.0/0.0/1.0
		}

		26
		{
			pos = -0.233,2.2351744E-11,0.2
			copytarget = true
			weaponname = CANNON6
			direction = 4.437546E-8/1.0/7.590403E-9/-0.9848078/4.2383242E-8/0.17364813/-0.17364815/1.5180804E-8/-0.9848076/-4.437546E-8/0.9848078/0.17364815/0.0/-1.0/-4.2383242E-8/-1.5180804E-8/-0.0/-7.590401E-9/-0.17364813/0.9848076/0.0/0.0/0.0/0.0/1.0
		}

		27
		{
			pos = -0.216,0.0,0.336
			copytarget = true
			weaponname = CANNON6
			direction = 4.437546E-8/1.0/7.590403E-9/-0.9848078/4.2383242E-8/0.17364813/-0.17364815/1.5180804E-8/-0.9848076/-4.437546E-8/0.9848078/0.17364815/0.0/-1.0/-4.2383242E-8/-1.5180804E-8/-0.0/-7.590401E-9/-0.17364813/0.9848076/0.0/0.0/0.0/0.0/1.0
		}

		28
		{
			pos = -0.223,2.2351744E-11,0.27
			copytarget = false
			weaponname = CANNON6
			direction = 4.437546E-8/1.0/7.590403E-9/-0.9848078/4.2383242E-8/0.1736481/-0.17364815/1.5180806E-8/-0.9848075/-4.437546E-8/0.9848078/0.17364815/-0.0/-1.0/-4.2383242E-8/-1.5180806E-8/0.0/-7.590399E-9/-0.1736481/0.9848075/0.0/0.0/0.0/0.0/1.0
		}

		29
		{
			pos = -0.042,-0.080000006,0.065
			copytarget = true
			weaponname = LAUNCHER0
			direction = -0.08715569/0.9961947/0.0/-0.9961947/-0.08715569/0.0/0.0/0.0/-0.9999998/0.08715569/0.9961947/0.0/0.0/-0.9961947/0.08715569/0.0/0.0/0.0/0.0/0.9999998/0.0/0.0/0.0/0.0/1.0
		}

		30
		{
			pos = -0.051999997,0.0,-0.49499997
			copytarget = true
			weaponname = CANNON9
			direction = -1.0/0.0/0.0/0.0/-1.0/0.0/0.0/0.0/-1.0/1.0/0.0/0.0/0.0/0.0/1.0/0.0/0.0/0.0/0.0/1.0/0.0/0.0/0.0/0.0/1.0
		}
	}
	container = 

	port
	{
		0
		{
			pos = 0.023,0.07,0.060000002
			size = 0.0,25.0
			visible = false
			rotation = 0.0
		}

		1
		{
			pos = 0.023,0.07,0.13200001
			size = 0.0,25.0
			visible = false
			rotation = 0.0
		}

		2
		{
			pos = -0.023,0.07,0.060000002
			size = 0.0,25.0
			visible = false
			rotation = 0.0
		}

		3
		{
			pos = -0.023,0.07,0.13200001
			size = 0.0,25.0
			visible = false
			rotation = 0.0
		}

		4
		{
			pos = 0.0,0.001,0.435
			size = 0.0,10.0
			visible = false
			rotation = 0.0
		}

		5
		{
			pos = 0.035,0.001,0.435
			size = 0.0,10.0
			visible = false
			rotation = 0.0
		}

		6
		{
			pos = -0.035,0.001,0.435
			size = 0.0,10.0
			visible = false
			rotation = 0.0
		}
	}
}
