controls
{
	horizontal
	{
		speed = 1326.3999
		thrust = 1.85
		brake = 2.04
	}

	vertical
	{
		speed = 807.80005
		thrust = 0.97999996
		brake = -0.01
	}

	rotation
	{
		pitch = 0.065
		yaw = 0.062
		roll = 0.128
	}

	hyper
	{
		speed = 0.83
		thrust = 0.733
	}

	afterburn
	{
		power = 1.0999999
		time = 4.0
		cooldown = 9.5
		smoothness = 3.0
	}
}
name = Unknown
manufacturer = GM

class
{
	rank = 5
	name = 1
}

info
{
	size = 427.6
	health = 18739.0
	shield = 6271.0
	mass = 1201.9
	maxcargo = 360
}

model
{
	uselight = true
	metal = SHIP/4m
	glass = SHIP/4g
}

thrust
{
	model = THRUST/0
	texture = RED1
}

components
{
	thrust
	{
		0
		{
			pos = 0.0,0.0,0.479
			size = 0.098000005
			rotation = 0.0
		}

		1
		{
			pos = 0.0,-0.05,0.49499997
			size = 0.056
			rotation = 0.0
		}

		2
		{
			pos = 0.0,-0.081,0.49600002
			size = 0.035
			rotation = 0.0
		}

		3
		{
			pos = 0.0,0.05,0.49499997
			size = 0.056
			rotation = 0.0
		}

		4
		{
			pos = 0.0,0.081,0.49600002
			size = 0.035
			rotation = 0.0
		}

		5
		{
			pos = 0.078,0.0,0.391
			size = 0.063
			rotation = 0.0
		}

		6
		{
			pos = 0.067,-0.032,0.404
			size = 0.04
			rotation = 0.0
		}

		7
		{
			pos = 0.067,0.032,0.404
			size = 0.04
			rotation = 0.0
		}

		8
		{
			pos = -0.078,0.0,0.391
			size = 0.063
			rotation = 0.0
		}

		9
		{
			pos = -0.067,-0.032,0.404
			size = 0.04
			rotation = 0.0
		}

		10
		{
			pos = -0.067,0.032,0.404
			size = 0.04
			rotation = 0.0
		}
	}

	collider
	{
		0
		{
			pos = 0.0,-0.030000001,0.095
			size = 0.05
			strength = 2
		}

		1
		{
			pos = 0.0,-0.030000001,0.175
			size = 0.05
			strength = 2
		}

		2
		{
			pos = 0.0,-0.030000001,0.25
			size = 0.05
			strength = 2
		}

		3
		{
			pos = 0.0,-0.095,0.35999998
			size = 0.040000003
			strength = 0
		}

		4
		{
			pos = 0.0,-0.095,0.425
			size = 0.040000003
			strength = 0
		}

		5
		{
			pos = 0.0,-0.083,0.48499998
			size = 0.032
			strength = -1
		}

		6
		{
			pos = 0.0,0.0,0.475
			size = 0.055000003
			strength = -1
		}

		7
		{
			pos = 0.0,-0.044,0.363
			size = 0.05
			strength = 0
		}

		8
		{
			pos = 0.0,-0.044,0.423
			size = 0.05
			strength = 0
		}

		9
		{
			pos = 0.0,0.0,0.37400004
			size = 0.07300001
			strength = 0
		}

		10
		{
			pos = 0.0,0.030000001,0.095
			size = 0.05
			strength = 2
		}

		11
		{
			pos = 0.0,0.030000001,0.175
			size = 0.05
			strength = 2
		}

		12
		{
			pos = 0.0,0.030000001,0.25
			size = 0.05
			strength = 2
		}

		13
		{
			pos = 0.0,0.095,0.35999998
			size = 0.040000003
			strength = 0
		}

		14
		{
			pos = 0.0,0.095,0.425
			size = 0.040000003
			strength = 0
		}

		15
		{
			pos = 0.0,0.083,0.48499998
			size = 0.032
			strength = -1
		}

		16
		{
			pos = 0.0,0.044,0.363
			size = 0.05
			strength = 0
		}

		17
		{
			pos = 0.0,0.044,0.423
			size = 0.05
			strength = 0
		}

		18
		{
			pos = 0.051,0.0,0.37
			size = 0.060000002
			strength = -1
		}

		19
		{
			pos = 0.044,0.0,0.294
			size = 0.076
			strength = 2
		}

		20
		{
			pos = 0.044,0.0,0.203
			size = 0.076
			strength = 2
		}

		21
		{
			pos = 0.044,0.0,0.122
			size = 0.076
			strength = 2
		}

		22
		{
			pos = 0.044999998,0.0,0.012000001
			size = 0.072000004
			strength = 0
		}

		23
		{
			pos = 0.044999998,0.0,-0.085
			size = 0.072000004
			strength = 0
		}

		24
		{
			pos = 0.044999998,0.0,-0.179
			size = 0.072000004
			strength = 0
		}

		25
		{
			pos = 0.039,0.0,-0.27400002
			size = 0.07
			strength = 0
		}

		26
		{
			pos = 0.036000002,-0.035,-0.335
			size = 0.036000002
			strength = 1
		}

		27
		{
			pos = 0.036000002,-0.035,-0.386
			size = 0.036000002
			strength = 1
		}

		28
		{
			pos = 0.028,-0.025,-0.42700002
			size = 0.036000002
			strength = 2
		}

		29
		{
			pos = 0.028,0.0,-0.44899997
			size = 0.036000002
			strength = 2
		}

		30
		{
			pos = 0.075,0.0,-0.33
			size = 0.036000002
			strength = 0
		}

		31
		{
			pos = 0.075,0.0,-0.38
			size = 0.033000004
			strength = 0
		}

		32
		{
			pos = 0.020000001,0.034000006,-0.452
			size = 0.036000002
			strength = 2
		}

		33
		{
			pos = 0.029,0.034000006,-0.40300003
			size = 0.036000002
			strength = 1
		}

		34
		{
			pos = 0.038,0.034000006,-0.349
			size = 0.036000002
			strength = 1
		}

		35
		{
			pos = 0.165,0.0,0.11000001
			size = 0.044999998
			strength = 2
		}

		36
		{
			pos = 0.165,0.0,0.205
			size = 0.044999998
			strength = 2
		}

		37
		{
			pos = 0.165,0.0,0.3
			size = 0.044999998
			strength = 2
		}

		38
		{
			pos = 0.25,0.0,0.125
			size = 0.044999998
			strength = 2
		}

		39
		{
			pos = 0.255,0.0,0.22500001
			size = 0.044999998
			strength = 2
		}

		40
		{
			pos = 0.26,0.0,0.32500002
			size = 0.044999998
			strength = 2
		}

		41
		{
			pos = 0.15,0.0,-0.21
			size = 0.044999998
			strength = 2
		}

		42
		{
			pos = 0.15,0.0,-0.115
			size = 0.044999998
			strength = 2
		}

		43
		{
			pos = 0.21500002,0.0,-0.165
			size = 0.044999998
			strength = 2
		}

		44
		{
			pos = 0.22000001,0.0,-0.07
			size = 0.044999998
			strength = 2
		}

		45
		{
			pos = 0.0,-0.060000002,0.044999998
			size = 0.018000001
			strength = -2
		}

		46
		{
			pos = -0.051,0.0,0.37
			size = 0.060000002
			strength = -1
		}

		47
		{
			pos = -0.044,0.0,0.294
			size = 0.076
			strength = 2
		}

		48
		{
			pos = -0.044,0.0,0.203
			size = 0.076
			strength = 2
		}

		49
		{
			pos = -0.044,0.0,0.122
			size = 0.076
			strength = 2
		}

		50
		{
			pos = -0.044999998,0.0,0.012000001
			size = 0.072000004
			strength = 0
		}

		51
		{
			pos = -0.044999998,0.0,-0.085
			size = 0.072000004
			strength = 0
		}

		52
		{
			pos = -0.044999998,0.0,-0.179
			size = 0.072000004
			strength = 0
		}

		53
		{
			pos = -0.039,0.0,-0.27400002
			size = 0.07
			strength = 0
		}

		54
		{
			pos = -0.036000002,-0.035,-0.335
			size = 0.036000002
			strength = 1
		}

		55
		{
			pos = -0.036000002,-0.035,-0.386
			size = 0.036000002
			strength = 1
		}

		56
		{
			pos = -0.028,-0.025,-0.42700002
			size = 0.036000002
			strength = 2
		}

		57
		{
			pos = -0.028,0.0,-0.44899997
			size = 0.036000002
			strength = 2
		}

		58
		{
			pos = -0.075,0.0,-0.33
			size = 0.036000002
			strength = 0
		}

		59
		{
			pos = -0.075,0.0,-0.38
			size = 0.033000004
			strength = 0
		}

		60
		{
			pos = -0.020000001,0.034000006,-0.452
			size = 0.036000002
			strength = 2
		}

		61
		{
			pos = -0.029,0.034000006,-0.40300003
			size = 0.036000002
			strength = 1
		}

		62
		{
			pos = -0.038,0.034000006,-0.349
			size = 0.036000002
			strength = 1
		}

		63
		{
			pos = -0.165,0.0,0.11000001
			size = 0.044999998
			strength = 2
		}

		64
		{
			pos = -0.165,0.0,0.205
			size = 0.044999998
			strength = 2
		}

		65
		{
			pos = -0.165,0.0,0.3
			size = 0.044999998
			strength = 2
		}

		66
		{
			pos = -0.25,0.0,0.125
			size = 0.044999998
			strength = 2
		}

		67
		{
			pos = -0.255,0.0,0.22500001
			size = 0.044999998
			strength = 2
		}

		68
		{
			pos = -0.26,0.0,0.32500002
			size = 0.044999998
			strength = 2
		}

		69
		{
			pos = -0.15,0.0,-0.21
			size = 0.044999998
			strength = 2
		}

		70
		{
			pos = -0.15,0.0,-0.115
			size = 0.044999998
			strength = 2
		}

		71
		{
			pos = -0.21500002,0.0,-0.165
			size = 0.044999998
			strength = 2
		}

		72
		{
			pos = -0.22000001,0.0,-0.07
			size = 0.044999998
			strength = 2
		}
	}

	weapon
	{
		0
		{
			pos = 0.0,0.065,0.035
			copytarget = true
			weaponname = CANNON0
			direction = -1.0/0.0/0.0/0.0/-1.0/0.0/0.0/0.0/-1.0/1.0/0.0/0.0/0.0/0.0/1.0/0.0/0.0/0.0/0.0/1.0/0.0/0.0/0.0/0.0/1.0
		}

		1
		{
			pos = 0.0,-0.105,0.32000002
			copytarget = true
			weaponname = LAUNCHER4
			direction = -1.0/0.0/0.0/0.0/-0.70710677/0.70710677/0.0/-0.70710677/-0.70710677/1.0/0.0/0.0/0.0/0.0/0.70710677/0.70710677/0.0/0.0/-0.70710677/0.70710677/0.0/0.0/0.0/0.0/1.0
		}

		2
		{
			pos = 0.0,0.105,0.32000002
			copytarget = false
			weaponname = LAUNCHER4
			direction = -0.9999998/0.0/0.0/0.0/-0.7071066/-0.7071068/0.0/0.7071067/-0.7071067/0.9999998/0.0/0.0/0.0/-0.0/0.7071066/-0.7071067/-0.0/0.0/0.7071068/0.7071067/0.0/0.0/0.0/0.0/1.0
		}

		3
		{
			pos = 0.168,-0.0060000005,-0.15
			copytarget = true
			weaponname = CANNON4
			direction = -1.0/0.0/0.0/0.0/-1.0/0.0/0.0/0.0/-1.0/1.0/0.0/0.0/0.0/0.0/1.0/0.0/0.0/0.0/0.0/1.0/0.0/0.0/0.0/0.0/1.0
		}

		4
		{
			pos = 0.19,-0.0060000005,0.21
			copytarget = false
			weaponname = CANNON4
			direction = -1.0/0.0/0.0/0.0/-1.0/0.0/0.0/0.0/-1.0/1.0/0.0/0.0/0.0/0.0/1.0/0.0/0.0/0.0/0.0/1.0/0.0/0.0/0.0/0.0/1.0
		}

		5
		{
			pos = 0.044999998,-0.060000002,-0.258
			copytarget = false
			weaponname = TURRET8
			direction = -0.9659258/-0.25881904/0.0/0.25881904/-0.9659258/0.0/0.0/0.0/-1.0/0.9659258/-0.25881904/0.0/0.0/0.25881904/0.9659258/0.0/0.0/0.0/0.0/1.0/0.0/0.0/0.0/0.0/1.0
		}

		6
		{
			pos = 0.044999998,-0.060000002,-0.102
			copytarget = false
			weaponname = TURRET8
			direction = -0.9659258/-0.25881904/0.0/0.25881904/-0.9659258/0.0/0.0/0.0/-1.0/0.9659258/-0.25881904/0.0/0.0/0.25881904/0.9659258/0.0/0.0/0.0/0.0/1.0/0.0/0.0/0.0/0.0/1.0
		}

		7
		{
			pos = 0.044999998,-0.063,0.092
			copytarget = true
			weaponname = TURRET9
			direction = -0.9659258/-0.25881904/0.0/0.25881904/-0.9659258/0.0/0.0/0.0/-1.0/0.9659258/-0.25881904/0.0/0.0/0.25881904/0.9659258/0.0/0.0/0.0/0.0/1.0/0.0/0.0/0.0/0.0/1.0
		}

		8
		{
			pos = 0.044999998,-0.063,0.18800001
			copytarget = true
			weaponname = TURRET9
			direction = -0.9659258/-0.25881904/0.0/0.25881904/-0.9659258/0.0/0.0/0.0/-1.0/0.9659258/-0.25881904/0.0/0.0/0.25881904/0.9659258/0.0/0.0/0.0/0.0/1.0/0.0/0.0/0.0/0.0/1.0
		}

		9
		{
			pos = 0.044999998,-0.063,0.285
			copytarget = true
			weaponname = TURRET9
			direction = -0.9659258/-0.25881904/0.0/0.25881904/-0.9659258/0.0/0.0/0.0/-1.0/0.9659258/-0.25881904/0.0/0.0/0.25881904/0.9659258/0.0/0.0/0.0/0.0/1.0/0.0/0.0/0.0/0.0/1.0
		}

		10
		{
			pos = 0.023,-0.1,0.38
			copytarget = true
			weaponname = CANNON11
			direction = -0.42261824/-0.9063078/0.0/0.9063078/-0.42261824/0.0/0.0/0.0/-0.99999994/0.42261824/-0.9063078/0.0/0.0/0.9063078/0.42261824/0.0/0.0/0.0/0.0/0.99999994/0.0/0.0/0.0/0.0/1.0
		}

		11
		{
			pos = 0.168,0.0060000005,-0.15
			copytarget = true
			weaponname = CANNON4
			direction = 1.0/8.742278E-8/0.0/-8.742278E-8/1.0/-0.0/0.0/0.0/-0.9999999/-1.0/8.742278E-8/0.0/0.0/-8.742278E-8/-1.0/0.0/0.0/0.0/0.0/0.9999999/0.0/0.0/0.0/0.0/1.0
		}

		12
		{
			pos = 0.19,0.0060000005,0.21
			copytarget = false
			weaponname = CANNON4
			direction = 1.0/8.742278E-8/0.0/-8.742278E-8/1.0/-0.0/0.0/0.0/-0.9999999/-1.0/8.742278E-8/0.0/0.0/-8.742278E-8/-1.0/0.0/0.0/0.0/0.0/0.9999999/0.0/0.0/0.0/0.0/1.0
		}

		13
		{
			pos = 0.044999998,0.060000002,-0.258
			copytarget = false
			weaponname = TURRET8
			direction = 0.9659258/-0.25881895/0.0/0.25881895/0.9659258/0.0/0.0/0.0/-0.9999999/-0.9659258/-0.25881895/0.0/0.0/0.25881895/-0.9659258/0.0/0.0/0.0/0.0/0.9999999/0.0/0.0/0.0/0.0/1.0
		}

		14
		{
			pos = 0.044999998,0.060000002,-0.102
			copytarget = false
			weaponname = TURRET8
			direction = 0.9659258/-0.25881913/0.0/0.25881913/0.9659258/0.0/0.0/0.0/-0.9999999/-0.9659258/-0.25881913/0.0/0.0/0.25881913/-0.9659258/0.0/0.0/0.0/0.0/0.9999999/0.0/0.0/0.0/0.0/1.0
		}

		15
		{
			pos = 0.044999998,0.063,0.092
			copytarget = true
			weaponname = TURRET9
			direction = 0.9659258/-0.25881913/0.0/0.25881913/0.9659258/0.0/0.0/0.0/-0.9999999/-0.9659258/-0.25881913/0.0/0.0/0.25881913/-0.9659258/0.0/0.0/0.0/0.0/0.9999999/0.0/0.0/0.0/0.0/1.0
		}

		16
		{
			pos = 0.044999998,0.063,0.18800001
			copytarget = true
			weaponname = TURRET9
			direction = 0.9659258/-0.25881913/0.0/0.25881913/0.9659258/0.0/0.0/0.0/-0.9999999/-0.9659258/-0.25881913/0.0/0.0/0.25881913/-0.9659258/0.0/0.0/0.0/0.0/0.9999999/0.0/0.0/0.0/0.0/1.0
		}

		17
		{
			pos = 0.044999998,0.063,0.285
			copytarget = true
			weaponname = TURRET9
			direction = 0.9659258/-0.25881913/0.0/0.25881913/0.9659258/0.0/0.0/0.0/-0.9999999/-0.9659258/-0.25881913/0.0/0.0/0.25881913/-0.9659258/0.0/0.0/0.0/0.0/0.9999999/0.0/0.0/0.0/0.0/1.0
		}

		18
		{
			pos = 0.023,0.1,0.38
			copytarget = true
			weaponname = CANNON11
			direction = 0.42261827/-0.9063078/0.0/0.9063078/0.42261827/0.0/0.0/0.0/-0.99999994/-0.42261827/-0.9063078/-0.0/-0.0/0.9063078/-0.42261827/0.0/0.0/0.0/0.0/0.99999994/0.0/0.0/0.0/0.0/1.0
		}

		19
		{
			pos = -0.168,-0.0060000005,-0.15
			copytarget = true
			weaponname = CANNON4
			direction = -1.0/0.0/0.0/0.0/-1.0/0.0/0.0/0.0/-1.0/1.0/0.0/0.0/0.0/0.0/1.0/0.0/0.0/0.0/0.0/1.0/0.0/0.0/0.0/0.0/1.0
		}

		20
		{
			pos = -0.19,-0.0060000005,0.21
			copytarget = false
			weaponname = CANNON4
			direction = -1.0/0.0/0.0/0.0/-1.0/0.0/0.0/0.0/-1.0/1.0/0.0/0.0/0.0/0.0/1.0/0.0/0.0/0.0/0.0/1.0/0.0/0.0/0.0/0.0/1.0
		}

		21
		{
			pos = -0.044999998,-0.060000002,-0.258
			copytarget = false
			weaponname = TURRET8
			direction = -0.9659258/0.25881904/0.0/-0.25881904/-0.9659258/0.0/0.0/0.0/-1.0/0.9659258/0.25881904/0.0/0.0/-0.25881904/0.9659258/0.0/0.0/0.0/0.0/1.0/0.0/0.0/0.0/0.0/1.0
		}

		22
		{
			pos = -0.044999998,-0.060000002,-0.102
			copytarget = false
			weaponname = TURRET8
			direction = -0.9659258/0.25881904/0.0/-0.25881904/-0.9659258/0.0/0.0/0.0/-1.0/0.9659258/0.25881904/0.0/0.0/-0.25881904/0.9659258/0.0/0.0/0.0/0.0/1.0/0.0/0.0/0.0/0.0/1.0
		}

		23
		{
			pos = -0.044999998,-0.063,0.092
			copytarget = true
			weaponname = TURRET9
			direction = -0.9659258/0.25881904/0.0/-0.25881904/-0.9659258/0.0/0.0/0.0/-1.0/0.9659258/0.25881904/0.0/0.0/-0.25881904/0.9659258/0.0/0.0/0.0/0.0/1.0/0.0/0.0/0.0/0.0/1.0
		}

		24
		{
			pos = -0.044999998,-0.063,0.18800001
			copytarget = true
			weaponname = TURRET9
			direction = -0.9659258/0.25881904/0.0/-0.25881904/-0.9659258/0.0/0.0/0.0/-1.0/0.9659258/0.25881904/0.0/0.0/-0.25881904/0.9659258/0.0/0.0/0.0/0.0/1.0/0.0/0.0/0.0/0.0/1.0
		}

		25
		{
			pos = -0.044999998,-0.063,0.285
			copytarget = true
			weaponname = TURRET9
			direction = -0.9659258/0.25881904/0.0/-0.25881904/-0.9659258/0.0/0.0/0.0/-1.0/0.9659258/0.25881904/0.0/0.0/-0.25881904/0.9659258/0.0/0.0/0.0/0.0/1.0/0.0/0.0/0.0/0.0/1.0
		}

		26
		{
			pos = -0.023,-0.1,0.38
			copytarget = true
			weaponname = CANNON11
			direction = -0.42261824/0.9063078/0.0/-0.9063078/-0.42261824/-0.0/0.0/0.0/-0.99999994/0.42261824/0.9063078/0.0/0.0/-0.9063078/0.42261824/0.0/0.0/0.0/0.0/0.99999994/0.0/0.0/0.0/0.0/1.0
		}

		27
		{
			pos = -0.168,0.0060000005,-0.15
			copytarget = true
			weaponname = CANNON4
			direction = 1.0/8.742278E-8/0.0/-8.742278E-8/1.0/-0.0/0.0/0.0/-0.9999999/-1.0/8.742278E-8/0.0/0.0/-8.742278E-8/-1.0/0.0/0.0/0.0/0.0/0.9999999/0.0/0.0/0.0/0.0/1.0
		}

		28
		{
			pos = -0.19,0.0060000005,0.21
			copytarget = false
			weaponname = CANNON4
			direction = 1.0/8.742278E-8/0.0/-8.742278E-8/1.0/-0.0/0.0/0.0/-0.9999999/-1.0/8.742278E-8/0.0/0.0/-8.742278E-8/-1.0/0.0/0.0/0.0/0.0/0.9999999/0.0/0.0/0.0/0.0/1.0
		}

		29
		{
			pos = -0.044999998,0.060000002,-0.258
			copytarget = false
			weaponname = TURRET8
			direction = 0.9659258/0.25881895/0.0/-0.25881895/0.9659258/0.0/0.0/0.0/-0.9999999/-0.9659258/0.25881895/0.0/0.0/-0.25881895/-0.9659258/0.0/0.0/0.0/0.0/0.9999999/0.0/0.0/0.0/0.0/1.0
		}

		30
		{
			pos = -0.044999998,0.060000002,-0.102
			copytarget = false
			weaponname = TURRET8
			direction = 0.9659258/0.25881895/0.0/-0.25881895/0.9659258/0.0/0.0/0.0/-0.9999999/-0.9659258/0.25881895/0.0/0.0/-0.25881895/-0.9659258/0.0/0.0/0.0/0.0/0.9999999/0.0/0.0/0.0/0.0/1.0
		}

		31
		{
			pos = -0.044999998,0.063,0.092
			copytarget = true
			weaponname = TURRET9
			direction = 0.9659258/0.25881895/0.0/-0.25881895/0.9659258/0.0/0.0/0.0/-0.9999999/-0.9659258/0.25881895/0.0/0.0/-0.25881895/-0.9659258/0.0/0.0/0.0/0.0/0.9999999/0.0/0.0/0.0/0.0/1.0
		}

		32
		{
			pos = -0.044999998,0.063,0.18800001
			copytarget = true
			weaponname = TURRET9
			direction = 0.9659258/0.25881895/0.0/-0.25881895/0.9659258/0.0/0.0/0.0/-0.9999999/-0.9659258/0.25881895/0.0/0.0/-0.25881895/-0.9659258/0.0/0.0/0.0/0.0/0.9999999/0.0/0.0/0.0/0.0/1.0
		}

		33
		{
			pos = -0.044999998,0.063,0.285
			copytarget = true
			weaponname = TURRET9
			direction = 0.9659258/0.25881895/0.0/-0.25881895/0.9659258/0.0/0.0/0.0/-0.9999999/-0.9659258/0.25881895/0.0/0.0/-0.25881895/-0.9659258/0.0/0.0/0.0/0.0/0.9999999/0.0/0.0/0.0/0.0/1.0
		}

		34
		{
			pos = -0.023,0.1,0.38
			copytarget = true
			weaponname = CANNON11
			direction = 0.42261827/0.9063078/0.0/-0.9063078/0.42261827/0.0/0.0/0.0/-0.99999994/-0.42261827/0.9063078/0.0/0.0/-0.9063078/-0.42261827/-0.0/-0.0/0.0/0.0/0.99999994/0.0/0.0/0.0/0.0/1.0
		}
	}
	container = 
	port = 
}
