controls
{
	horizontal
	{
		speed = 1200.6001
		thrust = 0.54
		brake = 2.02
	}

	vertical
	{
		speed = 345.2
		thrust = 1.06
		brake = 0.0
	}

	rotation
	{
		pitch = 0.06
		yaw = 0.073
		roll = 0.078
	}

	hyper
	{
		speed = 0.88
		thrust = 0.473
	}

	afterburn
	{
		power = 2.4
		time = 3.5
		cooldown = 17.0
		smoothness = 4.4
	}
}
name = Unknown
manufacturer = DHT

class
{
	rank = 4
	name = 0
}

info
{
	size = 219.4
	health = 11504.0
	shield = 2740.0
	mass = 384.2
	maxcargo = 115
}

model
{
	uselight = true
	metal = SHIP/54m
	glass = SHIP/54g
}

thrust
{
	model = THRUST/1
	texture = YELLOW0
}

components
{
	thrust
	{
		0
		{
			pos = 0.0,-0.023,0.50100005
			size = 0.13
			rotation = 0.0
		}

		1
		{
			pos = 0.06600001,-0.012000001,0.48200002
			size = 0.084
			rotation = 0.0
		}

		2
		{
			pos = 0.032,0.025,0.458
			size = 0.06600001
			rotation = 0.0
		}

		3
		{
			pos = -0.06600001,-0.012000001,0.48200002
			size = 0.084
			rotation = 0.0
		}

		4
		{
			pos = -0.032,0.025,0.458
			size = 0.06600001
			rotation = 0.0
		}
	}

	collider
	{
		0
		{
			pos = 0.0,0.0,-0.45000002
			size = 0.072000004
			strength = 2
		}

		1
		{
			pos = 0.0,0.0,-0.38
			size = 0.072000004
			strength = 2
		}

		2
		{
			pos = 0.0,0.0,-0.29700002
			size = 0.072000004
			strength = 2
		}

		3
		{
			pos = 0.0,0.0,-0.222
			size = 0.072000004
			strength = 2
		}

		4
		{
			pos = 0.0,0.0,-0.13600002
			size = 0.072000004
			strength = 2
		}

		5
		{
			pos = 0.0,0.0,-0.062000003
			size = 0.072000004
			strength = 2
		}

		6
		{
			pos = 0.0,0.0,0.022
			size = 0.072000004
			strength = 2
		}

		7
		{
			pos = 0.0,0.0,0.097
			size = 0.072000004
			strength = 2
		}

		8
		{
			pos = 0.0,0.0,0.17999999
			size = 0.072000004
			strength = 2
		}

		9
		{
			pos = 0.0,0.0,0.25
			size = 0.072000004
			strength = 2
		}

		10
		{
			pos = 0.102,0.0,-0.45000002
			size = 0.047000002
			strength = 2
		}

		11
		{
			pos = 0.102,0.0,-0.38
			size = 0.047000002
			strength = 2
		}

		12
		{
			pos = 0.102,0.0,-0.29700002
			size = 0.047000002
			strength = 2
		}

		13
		{
			pos = 0.102,0.0,-0.222
			size = 0.047000002
			strength = 2
		}

		14
		{
			pos = 0.102,0.0,-0.13600002
			size = 0.047000002
			strength = 2
		}

		15
		{
			pos = 0.102,0.0,-0.062000003
			size = 0.047000002
			strength = 2
		}

		16
		{
			pos = 0.102,0.0,0.022
			size = 0.047000002
			strength = 2
		}

		17
		{
			pos = 0.102,0.0,0.097
			size = 0.047000002
			strength = 2
		}

		18
		{
			pos = 0.102,0.0,0.17999999
			size = 0.047000002
			strength = 2
		}

		19
		{
			pos = 0.102,0.0,0.255
			size = 0.047000002
			strength = 2
		}

		20
		{
			pos = 0.0,0.0,0.344
			size = 0.062000003
			strength = 0
		}

		21
		{
			pos = 0.0,-0.017000003,0.41500002
			size = 0.043
			strength = 0
		}

		22
		{
			pos = 0.060000002,-0.002,0.344
			size = 0.05
			strength = 0
		}

		23
		{
			pos = 0.075,-0.018000001,0.41500002
			size = 0.030000001
			strength = 0
		}

		24
		{
			pos = 0.0,-0.072000004,0.406
			size = 0.042
			strength = -1
		}

		25
		{
			pos = 0.0,-0.078,0.34600002
			size = 0.033000004
			strength = -1
		}

		26
		{
			pos = 0.0,-0.025,0.475
			size = 0.040000003
			strength = -1
		}

		27
		{
			pos = 0.069,-0.012999999,0.466
			size = 0.027
			strength = -1
		}

		28
		{
			pos = 0.032,0.025,0.411
			size = 0.020000001
			strength = 0
		}

		29
		{
			pos = 0.032,0.025,0.444
			size = 0.023
			strength = -1
		}

		30
		{
			pos = -0.102,0.0,-0.45000002
			size = 0.047000002
			strength = 2
		}

		31
		{
			pos = -0.102,0.0,-0.38
			size = 0.047000002
			strength = 2
		}

		32
		{
			pos = -0.102,0.0,-0.29700002
			size = 0.047000002
			strength = 2
		}

		33
		{
			pos = -0.102,0.0,-0.222
			size = 0.047000002
			strength = 2
		}

		34
		{
			pos = -0.102,0.0,-0.13600002
			size = 0.047000002
			strength = 2
		}

		35
		{
			pos = -0.102,0.0,-0.062000003
			size = 0.047000002
			strength = 2
		}

		36
		{
			pos = -0.102,0.0,0.022
			size = 0.047000002
			strength = 2
		}

		37
		{
			pos = -0.102,0.0,0.097
			size = 0.047000002
			strength = 2
		}

		38
		{
			pos = -0.102,0.0,0.17999999
			size = 0.047000002
			strength = 2
		}

		39
		{
			pos = -0.102,0.0,0.255
			size = 0.047000002
			strength = 2
		}

		40
		{
			pos = -0.060000002,-0.002,0.344
			size = 0.05
			strength = 0
		}

		41
		{
			pos = -0.075,-0.018000001,0.41500002
			size = 0.030000001
			strength = 0
		}

		42
		{
			pos = -0.069,-0.012999999,0.466
			size = 0.027
			strength = -1
		}

		43
		{
			pos = -0.032,0.025,0.411
			size = 0.020000001
			strength = 0
		}

		44
		{
			pos = -0.032,0.025,0.444
			size = 0.023
			strength = -1
		}
	}

	weapon
	{
		0
		{
			pos = 0.135,0.0,0.21
			copytarget = false
			weaponname = TURRET10
			direction = 4.371139E-8/-1.0/-0.0/1.0/4.371139E-8/0.0/0.0/0.0/-0.99999994/-4.371139E-8/-1.0/-0.0/-0.0/1.0/-4.371139E-8/0.0/0.0/0.0/0.0/0.99999994/0.0/0.0/0.0/0.0/1.0
		}

		1
		{
			pos = 0.135,0.0,-0.41700003
			copytarget = true
			weaponname = TURRET10
			direction = 4.371139E-8/-1.0/-0.0/1.0/4.371139E-8/0.0/0.0/0.0/-0.99999994/-4.371139E-8/-1.0/-0.0/-0.0/1.0/-4.371139E-8/0.0/0.0/0.0/0.0/0.99999994/0.0/0.0/0.0/0.0/1.0
		}

		2
		{
			pos = 0.072000004,-0.035,0.21
			copytarget = false
			weaponname = TURRET18
			direction = -0.9396926/-0.34202015/0.0/0.34202015/-0.9396926/0.0/0.0/0.0/-1.0/0.9396926/-0.34202015/0.0/0.0/0.34202015/0.9396926/0.0/0.0/0.0/0.0/1.0/0.0/0.0/0.0/0.0/1.0
		}

		3
		{
			pos = 0.072000004,-0.035,0.055000003
			copytarget = false
			weaponname = TURRET18
			direction = -0.9396926/-0.34202015/0.0/0.34202015/-0.9396926/0.0/0.0/0.0/-1.0/0.9396926/-0.34202015/0.0/0.0/0.34202015/0.9396926/0.0/0.0/0.0/0.0/1.0/0.0/0.0/0.0/0.0/1.0
		}

		4
		{
			pos = 0.072000004,-0.035,-0.103
			copytarget = false
			weaponname = TURRET18
			direction = -0.9396926/-0.34202015/0.0/0.34202015/-0.9396926/0.0/0.0/0.0/-1.0/0.9396926/-0.34202015/0.0/0.0/0.34202015/0.9396926/0.0/0.0/0.0/0.0/1.0/0.0/0.0/0.0/0.0/1.0
		}

		5
		{
			pos = 0.072000004,-0.035,-0.258
			copytarget = true
			weaponname = TURRET18
			direction = -0.9396926/-0.34202015/0.0/0.34202015/-0.9396926/0.0/0.0/0.0/-1.0/0.9396926/-0.34202015/0.0/0.0/0.34202015/0.9396926/0.0/0.0/0.0/0.0/1.0/0.0/0.0/0.0/0.0/1.0
		}

		6
		{
			pos = 0.072000004,-0.035,-0.41700003
			copytarget = true
			weaponname = TURRET18
			direction = -0.9396926/-0.34202015/0.0/0.34202015/-0.9396926/0.0/0.0/0.0/-1.0/0.9396926/-0.34202015/0.0/0.0/0.34202015/0.9396926/0.0/0.0/0.0/0.0/1.0/0.0/0.0/0.0/0.0/1.0
		}

		7
		{
			pos = 0.072000004,0.035,0.21
			copytarget = false
			weaponname = TURRET18
			direction = 0.9396926/-0.34202003/0.0/0.34202003/0.9396926/0.0/0.0/0.0/-0.9999999/-0.9396926/-0.34202003/0.0/0.0/0.34202003/-0.9396926/0.0/0.0/0.0/0.0/0.9999999/0.0/0.0/0.0/0.0/1.0
		}

		8
		{
			pos = 0.072000004,0.035,0.055000003
			copytarget = false
			weaponname = TURRET18
			direction = 0.9396926/-0.34202006/0.0/0.34202006/0.9396926/0.0/0.0/0.0/-0.9999999/-0.9396926/-0.34202006/0.0/0.0/0.34202006/-0.9396926/0.0/0.0/0.0/0.0/0.9999999/0.0/0.0/0.0/0.0/1.0
		}

		9
		{
			pos = 0.072000004,0.035,-0.103
			copytarget = false
			weaponname = TURRET18
			direction = 0.9396926/-0.34202003/0.0/0.34202003/0.9396926/0.0/0.0/0.0/-0.9999999/-0.9396926/-0.34202003/0.0/0.0/0.34202003/-0.9396926/0.0/0.0/0.0/0.0/0.9999999/0.0/0.0/0.0/0.0/1.0
		}

		10
		{
			pos = 0.072000004,0.035,-0.258
			copytarget = true
			weaponname = TURRET18
			direction = 0.9396926/-0.34202003/0.0/0.34202003/0.9396926/0.0/0.0/0.0/-0.9999999/-0.9396926/-0.34202003/0.0/0.0/0.34202003/-0.9396926/0.0/0.0/0.0/0.0/0.9999999/0.0/0.0/0.0/0.0/1.0
		}

		11
		{
			pos = 0.072000004,0.035,-0.41700003
			copytarget = true
			weaponname = TURRET18
			direction = 0.9396926/-0.34202003/0.0/0.34202003/0.9396926/0.0/0.0/0.0/-0.9999999/-0.9396926/-0.34202003/0.0/0.0/0.34202003/-0.9396926/0.0/0.0/0.0/0.0/0.9999999/0.0/0.0/0.0/0.0/1.0
		}

		12
		{
			pos = 0.116,0.0,0.34
			copytarget = false
			weaponname = LAUNCHER0
			direction = 4.3711385E-8/4.371139E-8/1.0/0.99999994/-1.9106855E-15/-4.371139E-8/-0.0/-0.99999994/4.3711385E-8/-4.3711385E-8/-0.99999994/0.0/0.0/-4.371139E-8/1.9106855E-15/0.99999994/0.0/-1.0/4.371139E-8/-4.3711385E-8/0.0/0.0/0.0/0.0/1.0
		}

		13
		{
			pos = -0.135,0.0,0.21
			copytarget = false
			weaponname = TURRET10
			direction = 4.371139E-8/1.0/0.0/-1.0/4.371139E-8/-0.0/0.0/0.0/-0.9999997/-4.371139E-8/1.0/-0.0/-0.0/-1.0/-4.371139E-8/0.0/0.0/0.0/0.0/0.9999997/0.0/0.0/0.0/0.0/1.0
		}

		14
		{
			pos = -0.135,0.0,-0.41700003
			copytarget = true
			weaponname = TURRET10
			direction = 4.371139E-8/1.0/0.0/-1.0/4.371139E-8/-0.0/0.0/0.0/-0.9999997/-4.371139E-8/1.0/-0.0/-0.0/-1.0/-4.371139E-8/0.0/0.0/0.0/0.0/0.9999997/0.0/0.0/0.0/0.0/1.0
		}

		15
		{
			pos = -0.072000004,-0.035,0.21
			copytarget = false
			weaponname = TURRET18
			direction = -0.9396926/0.34202015/0.0/-0.34202015/-0.9396926/0.0/0.0/0.0/-1.0/0.9396926/0.34202015/0.0/0.0/-0.34202015/0.9396926/0.0/0.0/0.0/0.0/1.0/0.0/0.0/0.0/0.0/1.0
		}

		16
		{
			pos = -0.072000004,-0.035,0.055000003
			copytarget = false
			weaponname = TURRET18
			direction = -0.9396926/0.34202015/0.0/-0.34202015/-0.9396926/0.0/0.0/0.0/-1.0/0.9396926/0.34202015/0.0/0.0/-0.34202015/0.9396926/0.0/0.0/0.0/0.0/1.0/0.0/0.0/0.0/0.0/1.0
		}

		17
		{
			pos = -0.072000004,-0.035,-0.103
			copytarget = false
			weaponname = TURRET18
			direction = -0.9396926/0.34202015/0.0/-0.34202015/-0.9396926/0.0/0.0/0.0/-1.0/0.9396926/0.34202015/0.0/0.0/-0.34202015/0.9396926/0.0/0.0/0.0/0.0/1.0/0.0/0.0/0.0/0.0/1.0
		}

		18
		{
			pos = -0.072000004,-0.035,-0.258
			copytarget = true
			weaponname = TURRET18
			direction = -0.9396926/0.34202015/0.0/-0.34202015/-0.9396926/0.0/0.0/0.0/-1.0/0.9396926/0.34202015/0.0/0.0/-0.34202015/0.9396926/0.0/0.0/0.0/0.0/1.0/0.0/0.0/0.0/0.0/1.0
		}

		19
		{
			pos = -0.072000004,-0.035,-0.41700003
			copytarget = true
			weaponname = TURRET18
			direction = -0.9396926/0.34202015/0.0/-0.34202015/-0.9396926/0.0/0.0/0.0/-1.0/0.9396926/0.34202015/0.0/0.0/-0.34202015/0.9396926/0.0/0.0/0.0/0.0/1.0/0.0/0.0/0.0/0.0/1.0
		}

		20
		{
			pos = -0.072000004,0.035,0.21
			copytarget = false
			weaponname = TURRET18
			direction = 0.9396926/0.34202003/0.0/-0.34202003/0.9396926/0.0/0.0/0.0/-0.9999999/-0.9396926/0.34202003/0.0/0.0/-0.34202003/-0.9396926/0.0/0.0/0.0/0.0/0.9999999/0.0/0.0/0.0/0.0/1.0
		}

		21
		{
			pos = -0.072000004,0.035,0.055000003
			copytarget = false
			weaponname = TURRET18
			direction = 0.9396926/0.34202003/0.0/-0.34202003/0.9396926/0.0/0.0/0.0/-0.9999999/-0.9396926/0.34202003/0.0/0.0/-0.34202003/-0.9396926/0.0/0.0/0.0/0.0/0.9999999/0.0/0.0/0.0/0.0/1.0
		}

		22
		{
			pos = -0.072000004,0.035,-0.103
			copytarget = false
			weaponname = TURRET18
			direction = 0.9396926/0.3420202/0.0/-0.3420202/0.9396926/-0.0/0.0/0.0/-0.9999999/-0.9396926/0.3420202/0.0/0.0/-0.3420202/-0.9396926/0.0/0.0/0.0/0.0/0.9999999/0.0/0.0/0.0/0.0/1.0
		}

		23
		{
			pos = -0.072000004,0.035,-0.258
			copytarget = true
			weaponname = TURRET18
			direction = 0.9396926/0.3420202/0.0/-0.3420202/0.9396926/-0.0/0.0/0.0/-0.9999999/-0.9396926/0.3420202/0.0/0.0/-0.3420202/-0.9396926/0.0/0.0/0.0/0.0/0.9999999/0.0/0.0/0.0/0.0/1.0
		}

		24
		{
			pos = -0.072000004,0.035,-0.41700003
			copytarget = true
			weaponname = TURRET18
			direction = 0.9396926/0.34202003/0.0/-0.34202003/0.9396926/0.0/0.0/0.0/-0.9999999/-0.9396926/0.34202003/0.0/0.0/-0.34202003/-0.9396926/0.0/0.0/0.0/0.0/0.9999999/0.0/0.0/0.0/0.0/1.0
		}

		25
		{
			pos = -0.116,0.0,0.34
			copytarget = true
			weaponname = LAUNCHER0
			direction = -4.371137E-8/-4.3711374E-8/-0.9999999/-0.9999998/8.742276E-8/4.3711374E-8/-8.7422755E-8/-0.99999994/4.3711392E-8/4.371137E-8/0.9999998/8.7422755E-8/0.0/4.3711374E-8/-8.742276E-8/0.99999994/0.0/0.9999999/-4.3711374E-8/-4.3711392E-8/0.0/0.0/0.0/0.0/1.0
		}
	}
	container = 
	port = 
}
