controls
{
	horizontal
	{
		speed = 1906.2
		thrust = 0.26
		brake = 2.29
	}

	vertical
	{
		speed = 1149.8
		thrust = 0.8
		brake = 0.089999996
	}

	rotation
	{
		pitch = 0.023
		yaw = 0.024
		roll = 0.042
	}

	hyper
	{
		speed = 0.84
		thrust = 0.417
	}

	afterburn
	{
		power = 2.1
		time = 4.5
		cooldown = 37.5
		smoothness = 2.2
	}
}
name = Unknown
manufacturer = IGT

class
{
	rank = 5
	name = 0
}

info
{
	size = 422.9
	health = 25381.0
	shield = 7698.0
	mass = 2174.3
	maxcargo = 652
}

model
{
	uselight = true
	metal = SHIP/10m
	glass = SHIP/10g
}

thrust
{
	model = THRUST/1
	texture = BLUE1
}

components
{
	thrust
	{
		0
		{
			pos = 0.301,-0.011,0.215
			size = 0.127
			rotation = 0.0
		}

		1
		{
			pos = -0.301,-0.011,0.215
			size = 0.127
			rotation = 0.0
		}
	}

	collider
	{
		0
		{
			pos = 0.0,0.0050000004,-0.385
			size = 0.07
			strength = 1
		}

		1
		{
			pos = 0.0,0.0050000004,-0.285
			size = 0.07
			strength = 1
		}

		2
		{
			pos = 0.0,0.0050000004,-0.185
			size = 0.07
			strength = 1
		}

		3
		{
			pos = 0.0,0.0050000004,-0.075
			size = 0.07
			strength = 1
		}

		4
		{
			pos = 0.0,0.0050000004,0.035
			size = 0.07
			strength = 1
		}

		5
		{
			pos = 0.0,0.0050000004,0.14
			size = 0.07
			strength = 1
		}

		6
		{
			pos = 0.0,-0.0050000004,0.24000001
			size = 0.07
			strength = 1
		}

		7
		{
			pos = 0.0,-0.015000001,0.345
			size = 0.065
			strength = 1
		}

		8
		{
			pos = 0.0,-0.010000001,0.404
			size = 0.05
			strength = 1
		}

		9
		{
			pos = 0.0,-0.035,0.23
			size = 0.065
			strength = 1
		}

		10
		{
			pos = 0.0,-0.05,0.115
			size = 0.065
			strength = 1
		}

		11
		{
			pos = 0.0,-0.060000002,0.0050000004
			size = 0.065
			strength = 1
		}

		12
		{
			pos = 0.0,-0.065,-0.095
			size = 0.065
			strength = 1
		}

		13
		{
			pos = 0.0,-0.065,-0.2
			size = 0.065
			strength = 1
		}

		14
		{
			pos = 0.0,-0.040000003,-0.285
			size = 0.065
			strength = 1
		}

		15
		{
			pos = 0.089999996,0.020000001,-0.385
			size = 0.080000006
			strength = 2
		}

		16
		{
			pos = -0.089999996,0.020000001,-0.385
			size = 0.080000006
			strength = 2
		}

		17
		{
			pos = 0.089999996,0.020000001,-0.235
			size = 0.080000006
			strength = 2
		}

		18
		{
			pos = -0.089999996,0.020000001,-0.235
			size = 0.080000006
			strength = 2
		}

		19
		{
			pos = 0.089999996,0.020000001,-0.080000006
			size = 0.080000006
			strength = 2
		}

		20
		{
			pos = -0.089999996,0.020000001,-0.080000006
			size = 0.080000006
			strength = 2
		}

		21
		{
			pos = 0.089999996,0.020000001,0.07
			size = 0.080000006
			strength = 2
		}

		22
		{
			pos = -0.089999996,0.020000001,0.07
			size = 0.080000006
			strength = 2
		}

		23
		{
			pos = 0.089999996,0.0050000004,0.21
			size = 0.080000006
			strength = 2
		}

		24
		{
			pos = -0.089999996,0.0050000004,0.21
			size = 0.080000006
			strength = 2
		}

		25
		{
			pos = 0.089999996,-0.010000001,0.335
			size = 0.075
			strength = 2
		}

		26
		{
			pos = -0.089999996,-0.010000001,0.335
			size = 0.075
			strength = 2
		}

		27
		{
			pos = 0.089999996,-0.010000001,0.445
			size = 0.060000002
			strength = 2
		}

		28
		{
			pos = -0.089999996,-0.010000001,0.445
			size = 0.060000002
			strength = 2
		}

		29
		{
			pos = 0.089999996,-0.043,0.21500002
			size = 0.075
			strength = 2
		}

		30
		{
			pos = -0.089999996,-0.043,0.21500002
			size = 0.075
			strength = 2
		}

		31
		{
			pos = 0.089999996,-0.060000002,0.089999996
			size = 0.075
			strength = 2
		}

		32
		{
			pos = -0.089999996,-0.060000002,0.089999996
			size = 0.075
			strength = 2
		}

		33
		{
			pos = 0.089999996,-0.065,-0.040000003
			size = 0.075
			strength = 2
		}

		34
		{
			pos = -0.089999996,-0.065,-0.040000003
			size = 0.075
			strength = 2
		}

		35
		{
			pos = 0.089999996,-0.065,-0.165
			size = 0.075
			strength = 2
		}

		36
		{
			pos = -0.089999996,-0.065,-0.165
			size = 0.075
			strength = 2
		}

		37
		{
			pos = 0.089999996,-0.040000003,-0.29000002
			size = 0.075
			strength = 2
		}

		38
		{
			pos = -0.089999996,-0.040000003,-0.29000002
			size = 0.075
			strength = 2
		}

		39
		{
			pos = 0.17,0.020000001,-0.355
			size = 0.075
			strength = 2
		}

		40
		{
			pos = -0.17,0.020000001,-0.355
			size = 0.075
			strength = 2
		}

		41
		{
			pos = 0.17,0.040000003,-0.24000001
			size = 0.075
			strength = 2
		}

		42
		{
			pos = -0.17,0.040000003,-0.24000001
			size = 0.075
			strength = 2
		}

		43
		{
			pos = 0.17,0.040000003,-0.11000001
			size = 0.075
			strength = 2
		}

		44
		{
			pos = -0.17,0.040000003,-0.11000001
			size = 0.075
			strength = 2
		}

		45
		{
			pos = 0.17,0.035,0.010000001
			size = 0.075
			strength = 2
		}

		46
		{
			pos = -0.17,0.035,0.010000001
			size = 0.075
			strength = 2
		}

		47
		{
			pos = 0.17,0.015000001,0.14500001
			size = 0.075
			strength = 2
		}

		48
		{
			pos = -0.17,0.015000001,0.14500001
			size = 0.075
			strength = 2
		}

		49
		{
			pos = 0.165,-0.0050000004,0.26500002
			size = 0.060000002
			strength = 2
		}

		50
		{
			pos = -0.165,-0.0050000004,0.26500002
			size = 0.060000002
			strength = 2
		}

		51
		{
			pos = 0.17,-0.030000001,0.14500001
			size = 0.075
			strength = 2
		}

		52
		{
			pos = -0.17,-0.030000001,0.14500001
			size = 0.075
			strength = 2
		}

		53
		{
			pos = 0.17,-0.044999998,0.040000003
			size = 0.075
			strength = 2
		}

		54
		{
			pos = -0.17,-0.044999998,0.040000003
			size = 0.075
			strength = 2
		}

		55
		{
			pos = 0.17,-0.055000003,-0.060000002
			size = 0.075
			strength = 2
		}

		56
		{
			pos = -0.17,-0.055000003,-0.060000002
			size = 0.075
			strength = 2
		}

		57
		{
			pos = 0.17,-0.05,-0.175
			size = 0.075
			strength = 2
		}

		58
		{
			pos = -0.17,-0.05,-0.175
			size = 0.075
			strength = 2
		}

		59
		{
			pos = 0.17,-0.025,-0.275
			size = 0.075
			strength = 2
		}

		60
		{
			pos = -0.17,-0.025,-0.275
			size = 0.075
			strength = 2
		}

		61
		{
			pos = 0.27,0.008,-0.3
			size = 0.05
			strength = 0
		}

		62
		{
			pos = -0.27,0.008,-0.3
			size = 0.05
			strength = 0
		}

		63
		{
			pos = 0.27,0.008,-0.21500002
			size = 0.05
			strength = 0
		}

		64
		{
			pos = -0.27,0.008,-0.21500002
			size = 0.05
			strength = 0
		}

		65
		{
			pos = 0.27,0.008,-0.13
			size = 0.05
			strength = 0
		}

		66
		{
			pos = -0.27,0.008,-0.13
			size = 0.05
			strength = 0
		}

		67
		{
			pos = 0.27,0.008,-0.044999998
			size = 0.05
			strength = 0
		}

		68
		{
			pos = -0.27,0.008,-0.044999998
			size = 0.05
			strength = 0
		}

		69
		{
			pos = 0.27,0.008,0.040000003
			size = 0.05
			strength = 0
		}

		70
		{
			pos = -0.27,0.008,0.040000003
			size = 0.05
			strength = 0
		}

		71
		{
			pos = 0.27,-0.025,-0.21500002
			size = 0.05
			strength = 0
		}

		72
		{
			pos = -0.27,-0.025,-0.21500002
			size = 0.05
			strength = 0
		}

		73
		{
			pos = 0.27,-0.025,-0.120000005
			size = 0.05
			strength = 0
		}

		74
		{
			pos = -0.27,-0.025,-0.120000005
			size = 0.05
			strength = 0
		}

		75
		{
			pos = 0.27,-0.025,-0.025
			size = 0.05
			strength = 0
		}

		76
		{
			pos = -0.27,-0.025,-0.025
			size = 0.05
			strength = 0
		}

		77
		{
			pos = 0.27,-0.025,0.07
			size = 0.05
			strength = 0
		}

		78
		{
			pos = -0.27,-0.025,0.07
			size = 0.05
			strength = 0
		}

		79
		{
			pos = 0.335,0.008,-0.3
			size = 0.05
			strength = 0
		}

		80
		{
			pos = -0.335,0.008,-0.3
			size = 0.05
			strength = 0
		}

		81
		{
			pos = 0.335,0.008,-0.21500002
			size = 0.05
			strength = 0
		}

		82
		{
			pos = -0.335,0.008,-0.21500002
			size = 0.05
			strength = 0
		}

		83
		{
			pos = 0.335,0.008,-0.13
			size = 0.05
			strength = 0
		}

		84
		{
			pos = -0.335,0.008,-0.13
			size = 0.05
			strength = 0
		}

		85
		{
			pos = 0.335,0.008,-0.044999998
			size = 0.05
			strength = 0
		}

		86
		{
			pos = -0.335,0.008,-0.044999998
			size = 0.05
			strength = 0
		}

		87
		{
			pos = 0.335,0.008,0.040000003
			size = 0.05
			strength = 0
		}

		88
		{
			pos = -0.335,0.008,0.040000003
			size = 0.05
			strength = 0
		}

		89
		{
			pos = 0.335,-0.025,-0.21500002
			size = 0.05
			strength = 0
		}

		90
		{
			pos = -0.335,-0.025,-0.21500002
			size = 0.05
			strength = 0
		}

		91
		{
			pos = 0.335,-0.025,-0.120000005
			size = 0.05
			strength = 0
		}

		92
		{
			pos = -0.335,-0.025,-0.120000005
			size = 0.05
			strength = 0
		}

		93
		{
			pos = 0.335,-0.025,-0.025
			size = 0.05
			strength = 0
		}

		94
		{
			pos = -0.335,-0.025,-0.025
			size = 0.05
			strength = 0
		}

		95
		{
			pos = 0.335,-0.025,0.07
			size = 0.05
			strength = 0
		}

		96
		{
			pos = -0.335,-0.025,0.07
			size = 0.05
			strength = 0
		}

		97
		{
			pos = 0.3,-0.010000001,0.135
			size = 0.060000002
			strength = -1
		}

		98
		{
			pos = -0.3,-0.010000001,0.135
			size = 0.060000002
			strength = -1
		}

		99
		{
			pos = 0.3,-0.010000001,0.2
			size = 0.044999998
			strength = -1
		}

		100
		{
			pos = -0.3,-0.010000001,0.2
			size = 0.044999998
			strength = -1
		}

		101
		{
			pos = 0.0,-0.125,-0.155
			size = 0.030000001
			strength = -2
		}
	}

	weapon
	{
		0
		{
			pos = 0.25900003,0.031000001,-0.35999998
			copytarget = true
			weaponname = CANNON1
			direction = -1.0/0.0/0.0/0.0/-1.0/0.0/0.0/0.0/-1.0/1.0/0.0/0.0/0.0/0.0/1.0/0.0/0.0/0.0/0.0/1.0/0.0/0.0/0.0/0.0/1.0
		}

		1
		{
			pos = 0.3,0.031000001,-0.35999998
			copytarget = true
			weaponname = CANNON1
			direction = -1.0/0.0/0.0/0.0/-1.0/0.0/0.0/0.0/-1.0/1.0/0.0/0.0/0.0/0.0/1.0/0.0/0.0/0.0/0.0/1.0/0.0/0.0/0.0/0.0/1.0
		}

		2
		{
			pos = 0.34100005,0.031000001,-0.35999998
			copytarget = true
			weaponname = CANNON1
			direction = -1.0/0.0/0.0/0.0/-1.0/0.0/0.0/0.0/-1.0/1.0/0.0/0.0/0.0/0.0/1.0/0.0/0.0/0.0/0.0/1.0/0.0/0.0/0.0/0.0/1.0
		}

		3
		{
			pos = 0.072000004,0.089999996,-0.365
			copytarget = true
			weaponname = CANNON7
			direction = 1.0/8.609463E-8/-1.5180806E-8/-8.742278E-8/0.9848078/-0.17364816/0.0/-0.17364815/-0.98480767/-1.0/8.742278E-8/0.0/0.0/-8.609463E-8/-0.9848078/0.17364815/0.0/1.5180806E-8/0.17364816/0.98480767/0.0/0.0/0.0/0.0/1.0
		}

		4
		{
			pos = 0.072000004,0.105,-0.19
			copytarget = false
			weaponname = CANNON7
			direction = 1.0/-8.742278E-8/0.0/8.742278E-8/1.0/0.0/0.0/0.0/-0.9999999/-1.0/-8.742278E-8/0.0/0.0/8.742278E-8/-1.0/0.0/0.0/0.0/0.0/0.9999999/0.0/0.0/0.0/0.0/1.0
		}

		5
		{
			pos = 0.072000004,0.089999996,0.029
			copytarget = true
			weaponname = CANNON7
			direction = 1.0/8.609463E-8/1.5180806E-8/-8.742278E-8/0.9848078/0.17364816/0.0/0.17364815/-0.98480767/-1.0/8.742278E-8/0.0/0.0/-8.609463E-8/-0.9848078/-0.17364815/0.0/-1.5180806E-8/-0.17364816/0.98480767/0.0/0.0/0.0/0.0/1.0
		}

		6
		{
			pos = 0.07,0.044999998,-0.48000002
			copytarget = false
			weaponname = LAUNCHER4
			direction = 4.371139E-8/0.96592575/0.258819/-1.0/4.222196E-8/1.131334E-8/0.0/0.258819/-0.9659257/-4.371139E-8/1.0/0.0/0.0/-0.96592575/-4.222196E-8/-0.258819/0.0/-0.258819/-1.131334E-8/0.9659257/0.0/0.0/0.0/0.0/1.0
		}

		7
		{
			pos = 0.07,-0.067,-0.355
			copytarget = true
			weaponname = CANNON11
			direction = -1.0/0.0/0.0/0.0/-0.8660254/-0.5/0.0/0.5/-0.8660254/1.0/0.0/0.0/0.0/0.0/0.8660254/-0.5/0.0/0.0/0.5/0.8660254/0.0/0.0/0.0/0.0/1.0
		}

		8
		{
			pos = 0.07,-0.115,-0.185
			copytarget = true
			weaponname = CANNON11
			direction = -1.0/0.0/0.0/0.0/-0.9848078/-0.17364816/0.0/0.17364816/-0.9848078/1.0/0.0/0.0/0.0/0.0/0.9848078/-0.17364816/0.0/0.0/0.17364816/0.9848078/0.0/0.0/0.0/0.0/1.0
		}

		9
		{
			pos = 0.07,-0.116,0.040000003
			copytarget = false
			weaponname = CANNON11
			direction = -1.0/0.0/0.0/0.0/-0.9961947/0.08715574/0.0/-0.08715574/-0.9961947/1.0/0.0/0.0/0.0/0.0/0.9961947/0.08715574/0.0/0.0/-0.08715574/0.9961947/0.0/0.0/0.0/0.0/1.0
		}

		10
		{
			pos = 0.07,-0.06600001,0.33
			copytarget = false
			weaponname = CANNON11
			direction = -1.0/0.0/0.0/0.0/-0.9659258/0.25881904/0.0/-0.25881904/-0.9659258/1.0/0.0/0.0/0.0/0.0/0.9659258/0.25881904/0.0/0.0/-0.25881904/0.9659258/0.0/0.0/0.0/0.0/1.0
		}

		11
		{
			pos = 0.125,0.042,-0.468
			copytarget = true
			weaponname = CANNON3
			direction = -1.0/0.0/0.0/0.0/-1.0/0.0/0.0/0.0/-1.0/1.0/0.0/0.0/0.0/0.0/1.0/0.0/0.0/0.0/0.0/1.0/0.0/0.0/0.0/0.0/1.0
		}

		12
		{
			pos = 0.0,0.040000003,-0.445
			copytarget = true
			weaponname = CANNON0
			direction = -1.0/0.0/0.0/0.0/-1.0/0.0/0.0/0.0/-1.0/1.0/0.0/0.0/0.0/0.0/1.0/0.0/0.0/0.0/0.0/1.0/0.0/0.0/0.0/0.0/1.0
		}

		13
		{
			pos = -0.25900003,0.031000001,-0.35999998
			copytarget = true
			weaponname = CANNON1
			direction = -1.0/0.0/0.0/0.0/-1.0/0.0/0.0/0.0/-1.0/1.0/0.0/0.0/0.0/0.0/1.0/0.0/0.0/0.0/0.0/1.0/0.0/0.0/0.0/0.0/1.0
		}

		14
		{
			pos = -0.3,0.031000001,-0.35999998
			copytarget = true
			weaponname = CANNON1
			direction = -1.0/0.0/0.0/0.0/-1.0/0.0/0.0/0.0/-1.0/1.0/0.0/0.0/0.0/0.0/1.0/0.0/0.0/0.0/0.0/1.0/0.0/0.0/0.0/0.0/1.0
		}

		15
		{
			pos = -0.34100005,0.031000001,-0.35999998
			copytarget = true
			weaponname = CANNON1
			direction = -1.0/0.0/0.0/0.0/-1.0/0.0/0.0/0.0/-1.0/1.0/0.0/0.0/0.0/0.0/1.0/0.0/0.0/0.0/0.0/1.0/0.0/0.0/0.0/0.0/1.0
		}

		16
		{
			pos = -0.072000004,0.089999996,-0.365
			copytarget = true
			weaponname = CANNON7
			direction = 1.0/8.609463E-8/-1.5180806E-8/-8.742278E-8/0.9848078/-0.17364816/0.0/-0.17364815/-0.98480767/-1.0/8.742278E-8/0.0/0.0/-8.609463E-8/-0.9848078/0.17364815/0.0/1.5180806E-8/0.17364816/0.98480767/0.0/0.0/0.0/0.0/1.0
		}

		17
		{
			pos = -0.072000004,0.105,-0.19
			copytarget = false
			weaponname = CANNON7
			direction = 1.0/-8.742278E-8/0.0/8.742278E-8/1.0/0.0/0.0/0.0/-0.9999999/-1.0/-8.742278E-8/0.0/0.0/8.742278E-8/-1.0/0.0/0.0/0.0/0.0/0.9999999/0.0/0.0/0.0/0.0/1.0
		}

		18
		{
			pos = -0.072000004,0.089999996,0.029
			copytarget = true
			weaponname = CANNON7
			direction = 1.0/8.609463E-8/1.5180806E-8/-8.742278E-8/0.9848078/0.17364816/0.0/0.17364815/-0.98480767/-1.0/8.742278E-8/0.0/0.0/-8.609463E-8/-0.9848078/-0.17364815/0.0/-1.5180806E-8/-0.17364816/0.98480767/0.0/0.0/0.0/0.0/1.0
		}

		19
		{
			pos = -0.07,0.044999998,-0.48000002
			copytarget = true
			weaponname = LAUNCHER4
			direction = 4.371139E-8/0.96592575/0.258819/-1.0/4.222196E-8/1.131334E-8/0.0/0.258819/-0.9659257/-4.371139E-8/1.0/0.0/0.0/-0.96592575/-4.222196E-8/-0.258819/0.0/-0.258819/-1.131334E-8/0.9659257/0.0/0.0/0.0/0.0/1.0
		}

		20
		{
			pos = -0.07,-0.067,-0.355
			copytarget = true
			weaponname = CANNON11
			direction = -1.0/0.0/0.0/0.0/-0.8660254/-0.5/0.0/0.5/-0.8660254/1.0/0.0/0.0/0.0/0.0/0.8660254/-0.5/0.0/0.0/0.5/0.8660254/0.0/0.0/0.0/0.0/1.0
		}

		21
		{
			pos = -0.07,-0.115,-0.185
			copytarget = true
			weaponname = CANNON11
			direction = -1.0/0.0/0.0/0.0/-0.9848078/-0.17364816/0.0/0.17364816/-0.9848078/1.0/0.0/0.0/0.0/0.0/0.9848078/-0.17364816/0.0/0.0/0.17364816/0.9848078/0.0/0.0/0.0/0.0/1.0
		}

		22
		{
			pos = -0.07,-0.116,0.040000003
			copytarget = false
			weaponname = CANNON11
			direction = -1.0/0.0/0.0/0.0/-0.9961947/0.08715574/0.0/-0.08715574/-0.9961947/1.0/0.0/0.0/0.0/0.0/0.9961947/0.08715574/0.0/0.0/-0.08715574/0.9961947/0.0/0.0/0.0/0.0/1.0
		}

		23
		{
			pos = -0.07,-0.06600001,0.33
			copytarget = false
			weaponname = CANNON11
			direction = -1.0/0.0/0.0/0.0/-0.9659258/0.25881904/0.0/-0.25881904/-0.9659258/1.0/0.0/0.0/0.0/0.0/0.9659258/0.25881904/0.0/0.0/-0.25881904/0.9659258/0.0/0.0/0.0/0.0/1.0
		}

		24
		{
			pos = -0.125,0.042,-0.468
			copytarget = true
			weaponname = CANNON3
			direction = -1.0/0.0/0.0/0.0/-1.0/0.0/0.0/0.0/-1.0/1.0/0.0/0.0/0.0/0.0/1.0/0.0/0.0/0.0/0.0/1.0/0.0/0.0/0.0/0.0/1.0
		}
	}
	container = 
	port = 
}
