controls
{
	horizontal
	{
		speed = 3296.7998
		thrust = 0.4
		brake = 1.91
	}

	vertical
	{
		speed = 297.8
		thrust = 0.94
		brake = 0.0
	}

	rotation
	{
		pitch = 0.118
		yaw = 0.095
		roll = 0.202
	}

	hyper
	{
		speed = 0.86
		thrust = 0.447
	}

	afterburn
	{
		power = 1.2
		time = 2.2
		cooldown = 18.4
		smoothness = 2.8
	}
}
name = Unknown
manufacturer = GM

class
{
	rank = 3
	name = 0
}

info
{
	size = 116.3
	health = 5312.0
	shield = 1410.5
	mass = 292.8
	maxcargo = 87
}

model
{
	uselight = true
	metal = SHIP/149_0m
	glass = SHIP/149_0g
}

thrust
{
	model = THRUST/0
	texture = RED1
}

components
{
	thrust
	{
		0
		{
			pos = 0.0,-0.0030000003,0.46
			size = 0.065
			rotation = 0.0
		}

		1
		{
			pos = 0.043,-0.002,0.455
			size = 0.044999998
			rotation = 0.0
		}

		2
		{
			pos = -0.043,-0.002,0.455
			size = 0.044999998
			rotation = 0.0
		}
	}

	collider
	{
		0
		{
			pos = 0.0,0.0,-0.47
			size = 0.048000004
			strength = 0
		}

		1
		{
			pos = 0.030000001,0.0,-0.39000002
			size = 0.048
			strength = 0
		}

		2
		{
			pos = 0.055000003,0.0,-0.30500004
			size = 0.049000002
			strength = 0
		}

		3
		{
			pos = 0.080000006,0.0,-0.22000001
			size = 0.05
			strength = 0
		}

		4
		{
			pos = 0.105,0.0,-0.13
			size = 0.051
			strength = 0
		}

		5
		{
			pos = 0.13,0.0,-0.035
			size = 0.051999997
			strength = 0
		}

		6
		{
			pos = 0.14500001,0.0,0.05
			size = 0.053
			strength = 0
		}

		7
		{
			pos = 0.14500001,0.0,0.29000002
			size = 0.053
			strength = 0
		}

		8
		{
			pos = 0.105,0.0,0.365
			size = 0.053
			strength = 0
		}

		9
		{
			pos = 0.05,0.0,0.41500002
			size = 0.053
			strength = 0
		}

		10
		{
			pos = 0.13,0.0,0.135
			size = 0.048
			strength = 0
		}

		11
		{
			pos = 0.13,0.0,0.21500002
			size = 0.048
			strength = 0
		}

		12
		{
			pos = 0.035,0.0,-0.13
			size = 0.061
			strength = 1
		}

		13
		{
			pos = 0.044999998,0.0,-0.035
			size = 0.068
			strength = 1
		}

		14
		{
			pos = 0.055000003,0.0,0.05
			size = 0.068
			strength = 1
		}

		15
		{
			pos = 0.055000003,0.0,0.29000002
			size = 0.068
			strength = 1
		}

		16
		{
			pos = 0.035,0.0,0.365
			size = 0.063
			strength = 1
		}

		17
		{
			pos = 0.044999998,0.0,0.135
			size = 0.068
			strength = 1
		}

		18
		{
			pos = 0.044999998,0.0,0.21500002
			size = 0.068
			strength = 1
		}

		19
		{
			pos = 0.0,0.0,-0.31
			size = 0.060000002
			strength = 1
		}

		20
		{
			pos = 0.0,0.0,-0.21
			size = 0.063
			strength = 1
		}

		21
		{
			pos = 0.0,0.0,-0.080000006
			size = 0.068
			strength = 1
		}

		22
		{
			pos = 0.0,0.0,0.020000001
			size = 0.07300001
			strength = 1
		}

		23
		{
			pos = 0.0,0.0,0.32000002
			size = 0.07300001
			strength = 1
		}

		24
		{
			pos = 0.0,0.0,0.41500002
			size = 0.053
			strength = 0
		}

		25
		{
			pos = 0.0,-0.003,0.46199998
			size = 0.023
			strength = -2
		}

		26
		{
			pos = 0.051999997,-0.0050000004,0.45700002
			size = 0.018000001
			strength = -2
		}

		27
		{
			pos = 0.0,0.020000001,-0.105
			size = 0.07
			strength = 2
		}

		28
		{
			pos = 0.0,0.030000001,0.015000001
			size = 0.07
			strength = 2
		}

		29
		{
			pos = 0.0,0.010000001,0.115
			size = 0.085
			strength = 2
		}

		30
		{
			pos = 0.0,0.010000001,0.21500002
			size = 0.085
			strength = 2
		}

		31
		{
			pos = 0.0,0.010000001,0.29000002
			size = 0.080000006
			strength = 2
		}

		32
		{
			pos = 0.060000002,0.0050000004,0.115
			size = 0.075
			strength = 2
		}

		33
		{
			pos = 0.060000002,0.0050000004,0.21500002
			size = 0.075
			strength = 2
		}

		34
		{
			pos = -0.030000001,0.0,-0.39000002
			size = 0.048
			strength = 0
		}

		35
		{
			pos = -0.055000003,0.0,-0.30500004
			size = 0.049000002
			strength = 0
		}

		36
		{
			pos = -0.080000006,0.0,-0.22000001
			size = 0.05
			strength = 0
		}

		37
		{
			pos = -0.105,0.0,-0.13
			size = 0.051
			strength = 0
		}

		38
		{
			pos = -0.13,0.0,-0.035
			size = 0.051999997
			strength = 0
		}

		39
		{
			pos = -0.14500001,0.0,0.05
			size = 0.053
			strength = 0
		}

		40
		{
			pos = -0.14500001,0.0,0.29000002
			size = 0.053
			strength = 0
		}

		41
		{
			pos = -0.105,0.0,0.365
			size = 0.053
			strength = 0
		}

		42
		{
			pos = -0.05,0.0,0.41500002
			size = 0.053
			strength = 0
		}

		43
		{
			pos = -0.13,0.0,0.135
			size = 0.048
			strength = 0
		}

		44
		{
			pos = -0.13,0.0,0.21500002
			size = 0.048
			strength = 0
		}

		45
		{
			pos = -0.035,0.0,-0.13
			size = 0.061
			strength = 1
		}

		46
		{
			pos = -0.044999998,0.0,-0.035
			size = 0.068
			strength = 1
		}

		47
		{
			pos = -0.055000003,0.0,0.05
			size = 0.068
			strength = 1
		}

		48
		{
			pos = -0.055000003,0.0,0.29000002
			size = 0.068
			strength = 1
		}

		49
		{
			pos = -0.035,0.0,0.365
			size = 0.063
			strength = 1
		}

		50
		{
			pos = -0.044999998,0.0,0.135
			size = 0.068
			strength = 1
		}

		51
		{
			pos = -0.044999998,0.0,0.21500002
			size = 0.068
			strength = 1
		}

		52
		{
			pos = -0.051999997,-0.0050000004,0.45700002
			size = 0.018000001
			strength = -2
		}

		53
		{
			pos = -0.060000002,0.0050000004,0.115
			size = 0.075
			strength = 2
		}

		54
		{
			pos = -0.060000002,0.0050000004,0.21500002
			size = 0.075
			strength = 2
		}
	}

	weapon
	{
		0
		{
			pos = 0.1,-0.001,-0.155
			copytarget = true
			weaponname = TURRET5
			direction = 4.222196E-8/-1.0/-1.131334E-8/0.9659258/4.371139E-8/-0.25881904/-0.258819/0.0/-0.9659257/-4.222196E-8/-0.9659258/0.258819/0.0/1.0/-4.371139E-8/0.0/0.0/1.131334E-8/0.25881904/0.9659257/0.0/0.0/0.0/0.0/1.0
		}

		1
		{
			pos = 0.135,0.0,-0.035
			copytarget = false
			weaponname = TURRET5
			direction = 4.222196E-8/-1.0/-1.131334E-8/0.9659258/4.371139E-8/-0.25881904/-0.258819/0.0/-0.9659257/-4.222196E-8/-0.9659258/0.258819/0.0/1.0/-4.371139E-8/0.0/0.0/1.131334E-8/0.25881904/0.9659257/0.0/0.0/0.0/0.0/1.0
		}

		2
		{
			pos = 0.115,0.0,0.345
			copytarget = false
			weaponname = LAUNCHER0
			direction = 3.7855173E-8/-1.0/2.185569E-8/0.86602485/4.371139E-8/0.49999994/0.49999964/0.0/-0.8660252/-3.7855145E-8/-0.86602485/-0.49999964/0.0/1.0/-4.371139E-8/0.0/0.0/-2.185569E-8/-0.49999994/0.8660252/0.0/0.0/0.0/0.0/1.0
		}

		3
		{
			pos = 0.115,0.0,0.165
			copytarget = true
			weaponname = RAYCANNON2
			direction = 4.371139E-8/-1.0/-0.0/1.0/4.371139E-8/0.0/0.0/0.0/-0.99999994/-4.371139E-8/-1.0/-0.0/-0.0/1.0/-4.371139E-8/0.0/0.0/0.0/0.0/0.99999994/0.0/0.0/0.0/0.0/1.0
		}

		4
		{
			pos = 0.080000006,-0.030000001,0.175
			copytarget = true
			weaponname = TURRET18
			direction = -0.9848078/-0.17364816/0.0/0.17364816/-0.9848078/0.0/0.0/0.0/-1.0/0.9848078/-0.17364816/0.0/0.0/0.17364816/0.9848078/0.0/0.0/0.0/0.0/1.0/0.0/0.0/0.0/0.0/1.0
		}

		5
		{
			pos = 0.038,0.06800001,0.17
			copytarget = false
			weaponname = TURRET17
			direction = 0.9659258/-0.25881895/0.0/0.25881895/0.9659258/0.0/0.0/0.0/-0.9999999/-0.9659258/-0.25881895/0.0/0.0/0.25881895/-0.9659258/0.0/0.0/0.0/0.0/0.9999999/0.0/0.0/0.0/0.0/1.0
		}

		6
		{
			pos = -0.1,-0.001,-0.155
			copytarget = true
			weaponname = TURRET5
			direction = 4.5200817E-8/1.0/-1.1313338E-8/-0.9659258/4.073253E-8/-0.25881904/0.258819/-2.2626677E-8/-0.9659256/-4.5200817E-8/0.9659258/-0.258819/0.0/-1.0/-4.073253E-8/2.2626677E-8/0.0/1.1313338E-8/0.25881898/0.9659256/0.0/0.0/0.0/0.0/1.0
		}

		7
		{
			pos = -0.135,0.0,-0.035
			copytarget = false
			weaponname = TURRET5
			direction = 4.5200817E-8/1.0/-1.1313338E-8/-0.9659258/4.073253E-8/-0.25881904/0.258819/-2.2626677E-8/-0.9659256/-4.5200817E-8/0.9659258/-0.258819/0.0/-1.0/-4.073253E-8/2.2626677E-8/0.0/1.1313338E-8/0.25881898/0.9659256/0.0/0.0/0.0/0.0/1.0
		}

		8
		{
			pos = -0.115,0.0,0.345
			copytarget = true
			weaponname = LAUNCHER0
			direction = 4.9567603E-8/1.0/2.1855687E-8/-0.86602485/3.199891E-8/0.49999988/-0.49999964/4.3711356E-8/-0.8660251/-4.9567632E-8/0.86602485/0.49999964/0.0/-1.0/-3.199891E-8/-4.3711356E-8/0.0/-2.1855687E-8/-0.49999988/0.8660251/0.0/0.0/0.0/0.0/1.0
		}

		9
		{
			pos = -0.115,0.0,0.165
			copytarget = true
			weaponname = RAYCANNON2
			direction = 4.371139E-8/1.0/0.0/-1.0/4.371139E-8/-0.0/0.0/0.0/-0.9999998/-4.371139E-8/1.0/0.0/0.0/-1.0/-4.371139E-8/-0.0/-0.0/0.0/0.0/0.9999998/0.0/0.0/0.0/0.0/1.0
		}

		10
		{
			pos = -0.080000006,-0.030000001,0.175
			copytarget = true
			weaponname = TURRET18
			direction = -0.9848078/0.17364816/0.0/-0.17364816/-0.9848078/0.0/0.0/0.0/-1.0/0.9848078/0.17364816/0.0/0.0/-0.17364816/0.9848078/0.0/0.0/0.0/0.0/1.0/0.0/0.0/0.0/0.0/1.0
		}

		11
		{
			pos = -0.038,0.06800001,0.17
			copytarget = false
			weaponname = TURRET17
			direction = 0.96592575/0.2588191/0.0/-0.2588191/0.96592575/0.0/0.0/0.0/-0.9999999/-0.96592575/0.2588191/0.0/0.0/-0.2588191/-0.96592575/0.0/0.0/0.0/0.0/0.9999999/0.0/0.0/0.0/0.0/1.0
		}
	}
	container = 
	port = 
}
