controls
{
	horizontal
	{
		speed = 2476.0
		thrust = 0.23
		brake = 1.7900001
	}

	vertical
	{
		speed = 664.6
		thrust = 0.63
		brake = -0.04
	}

	rotation
	{
		pitch = 0.013
		yaw = 0.014
		roll = 0.033
	}

	hyper
	{
		speed = 0.84
		thrust = 0.411
	}

	afterburn
	{
		power = 0.9000001
		time = 5.0
		cooldown = 33.7
		smoothness = 2.8
	}
}
name = Unknown
manufacturer = DHT

class
{
	rank = 5
	name = 0
}

info
{
	size = 464.3
	health = 21525.0
	shield = 6065.0
	mass = 941.8
	maxcargo = 282
}

model
{
	uselight = true
	metal = SHIP/36m
	glass = SHIP/36g
}

thrust
{
	model = THRUST/1
	texture = YELLOW0
}

components
{
	thrust
	{
		0
		{
			pos = 0.033000004,0.0,0.54
			size = 0.1
			rotation = 0.0
		}

		1
		{
			pos = 0.11900001,0.0,0.45000002
			size = 0.084
			rotation = 0.0
		}

		2
		{
			pos = -0.033000004,0.0,0.54
			size = 0.1
			rotation = 0.0
		}

		3
		{
			pos = -0.11900001,0.0,0.45000002
			size = 0.084
			rotation = 0.0
		}
	}

	collider
	{
		0
		{
			pos = 0.040000003,0.0,-0.375
			size = 0.056
			strength = 2
		}

		1
		{
			pos = 0.040000003,0.0,-0.29000002
			size = 0.056
			strength = 2
		}

		2
		{
			pos = 0.040000003,0.0,-0.212
			size = 0.056
			strength = 2
		}

		3
		{
			pos = 0.040000003,0.0,-0.13
			size = 0.056
			strength = 2
		}

		4
		{
			pos = 0.040000003,0.0,-0.049000002
			size = 0.056
			strength = 2
		}

		5
		{
			pos = 0.040000003,0.0,0.032
			size = 0.056
			strength = 2
		}

		6
		{
			pos = 0.040000003,0.0,0.111
			size = 0.056
			strength = 2
		}

		7
		{
			pos = 0.040000003,0.0,0.18700002
			size = 0.056
			strength = 2
		}

		8
		{
			pos = 0.040000003,0.0,0.262
			size = 0.056
			strength = 2
		}

		9
		{
			pos = 0.040000003,0.0,0.33800003
			size = 0.056
			strength = 2
		}

		10
		{
			pos = 0.040000003,0.0,0.414
			size = 0.056
			strength = 2
		}

		11
		{
			pos = 0.0,-0.075,-0.375
			size = 0.069
			strength = 2
		}

		12
		{
			pos = 0.0,-0.075,-0.29000002
			size = 0.069
			strength = 2
		}

		13
		{
			pos = 0.0,-0.075,-0.212
			size = 0.069
			strength = 2
		}

		14
		{
			pos = 0.0,-0.075,-0.133
			size = 0.069
			strength = 2
		}

		15
		{
			pos = 0.0,-0.075,-0.05
			size = 0.069
			strength = 2
		}

		16
		{
			pos = 0.0,-0.075,0.027
			size = 0.069
			strength = 2
		}

		17
		{
			pos = 0.0,-0.075,0.108
			size = 0.069
			strength = 2
		}

		18
		{
			pos = 0.0,-0.075,0.18700002
			size = 0.069
			strength = 2
		}

		19
		{
			pos = 0.0,-0.075,0.258
			size = 0.069
			strength = 2
		}

		20
		{
			pos = 0.0,-0.075,0.334
			size = 0.044999998
			strength = 0
		}

		21
		{
			pos = 0.032,0.0,0.48600003
			size = 0.040000003
			strength = -1
		}

		22
		{
			pos = 0.032,0.0,0.539
			size = 0.040000003
			strength = -2
		}

		23
		{
			pos = 0.11799999,0.0,0.321
			size = 0.030000001
			strength = 0
		}

		24
		{
			pos = 0.11799999,0.0,0.37400004
			size = 0.038
			strength = -1
		}

		25
		{
			pos = 0.11799999,0.0,0.433
			size = 0.038
			strength = -2
		}

		26
		{
			pos = -0.040000003,0.0,-0.375
			size = 0.056
			strength = 2
		}

		27
		{
			pos = -0.040000003,0.0,-0.29000002
			size = 0.056
			strength = 2
		}

		28
		{
			pos = -0.040000003,0.0,-0.212
			size = 0.056
			strength = 2
		}

		29
		{
			pos = -0.040000003,0.0,-0.13
			size = 0.056
			strength = 2
		}

		30
		{
			pos = -0.040000003,0.0,-0.049000002
			size = 0.056
			strength = 2
		}

		31
		{
			pos = -0.040000003,0.0,0.032
			size = 0.056
			strength = 2
		}

		32
		{
			pos = -0.040000003,0.0,0.111
			size = 0.056
			strength = 2
		}

		33
		{
			pos = -0.040000003,0.0,0.18700002
			size = 0.056
			strength = 2
		}

		34
		{
			pos = -0.040000003,0.0,0.262
			size = 0.056
			strength = 2
		}

		35
		{
			pos = -0.040000003,0.0,0.33800003
			size = 0.056
			strength = 2
		}

		36
		{
			pos = -0.040000003,0.0,0.414
			size = 0.056
			strength = 2
		}

		37
		{
			pos = 0.0,0.075,0.108
			size = 0.069
			strength = 2
		}

		38
		{
			pos = 0.0,0.075,0.18700002
			size = 0.069
			strength = 2
		}

		39
		{
			pos = 0.0,0.075,0.258
			size = 0.069
			strength = 2
		}

		40
		{
			pos = 0.0,0.075,0.334
			size = 0.044999998
			strength = 0
		}

		41
		{
			pos = -0.032,0.0,0.48600003
			size = 0.040000003
			strength = -1
		}

		42
		{
			pos = -0.032,0.0,0.539
			size = 0.040000003
			strength = -2
		}

		43
		{
			pos = -0.11799999,0.0,0.321
			size = 0.030000001
			strength = 0
		}

		44
		{
			pos = -0.11799999,0.0,0.37400004
			size = 0.038
			strength = -1
		}

		45
		{
			pos = -0.11799999,0.0,0.433
			size = 0.038
			strength = -2
		}
	}

	weapon
	{
		0
		{
			pos = 0.0,-0.135,-0.335
			copytarget = true
			weaponname = CANNON5
			direction = -1.0/0.0/0.0/0.0/-1.0/0.0/0.0/0.0/-1.0/1.0/0.0/0.0/0.0/0.0/1.0/0.0/0.0/0.0/0.0/1.0/0.0/0.0/0.0/0.0/1.0
		}

		1
		{
			pos = 0.0,-0.135,-0.17400001
			copytarget = true
			weaponname = CANNON5
			direction = -1.0/0.0/0.0/0.0/-1.0/0.0/0.0/0.0/-1.0/1.0/0.0/0.0/0.0/0.0/1.0/0.0/0.0/0.0/0.0/1.0/0.0/0.0/0.0/0.0/1.0
		}

		2
		{
			pos = 0.0,-0.135,-0.007
			copytarget = false
			weaponname = CANNON5
			direction = -1.0/0.0/0.0/0.0/-1.0/0.0/0.0/0.0/-1.0/1.0/0.0/0.0/0.0/0.0/1.0/0.0/0.0/0.0/0.0/1.0/0.0/0.0/0.0/0.0/1.0
		}

		3
		{
			pos = 0.07,-0.020000001,-0.335
			copytarget = true
			weaponname = TURRET8
			direction = -0.49999997/-0.8660254/0.0/0.8660254/-0.49999997/0.0/0.0/0.0/-0.99999994/0.49999997/-0.8660254/0.0/0.0/0.8660254/0.49999997/0.0/0.0/0.0/0.0/0.99999994/0.0/0.0/0.0/0.0/1.0
		}

		4
		{
			pos = 0.07,0.020000001,-0.335
			copytarget = true
			weaponname = TURRET8
			direction = 0.5/-0.8660254/0.0/0.8660254/0.5/0.0/0.0/0.0/-0.99999994/-0.5/-0.8660254/0.0/0.0/0.8660254/-0.5/0.0/0.0/0.0/0.0/0.99999994/0.0/0.0/0.0/0.0/1.0
		}

		5
		{
			pos = 0.07,-0.020000001,-0.17400001
			copytarget = true
			weaponname = TURRET8
			direction = -0.49999997/-0.8660254/0.0/0.8660254/-0.49999997/0.0/0.0/0.0/-0.99999994/0.49999997/-0.8660254/0.0/0.0/0.8660254/0.49999997/0.0/0.0/0.0/0.0/0.99999994/0.0/0.0/0.0/0.0/1.0
		}

		6
		{
			pos = 0.07,0.020000001,-0.17400001
			copytarget = true
			weaponname = TURRET8
			direction = 0.5/-0.8660254/0.0/0.8660254/0.5/0.0/0.0/0.0/-0.99999994/-0.5/-0.8660254/0.0/0.0/0.8660254/-0.5/0.0/0.0/0.0/0.0/0.99999994/0.0/0.0/0.0/0.0/1.0
		}

		7
		{
			pos = 0.07,-0.020000001,-0.007
			copytarget = false
			weaponname = TURRET8
			direction = -0.49999997/-0.8660254/0.0/0.8660254/-0.49999997/0.0/0.0/0.0/-0.99999994/0.49999997/-0.8660254/0.0/0.0/0.8660254/0.49999997/0.0/0.0/0.0/0.0/0.99999994/0.0/0.0/0.0/0.0/1.0
		}

		8
		{
			pos = 0.07,0.020000001,-0.007
			copytarget = false
			weaponname = TURRET8
			direction = 0.5/-0.8660254/0.0/0.8660254/0.5/0.0/0.0/0.0/-0.99999994/-0.5/-0.8660254/0.0/0.0/0.8660254/-0.5/0.0/0.0/0.0/0.0/0.99999994/0.0/0.0/0.0/0.0/1.0
		}

		9
		{
			pos = 0.11799999,0.0,0.285
			copytarget = true
			weaponname = CANNON0
			direction = -1.0/0.0/0.0/0.0/-1.0/0.0/0.0/0.0/-1.0/1.0/0.0/0.0/0.0/0.0/1.0/0.0/0.0/0.0/0.0/1.0/0.0/0.0/0.0/0.0/1.0
		}

		10
		{
			pos = 0.07,-0.020000001,0.373
			copytarget = true
			weaponname = LAUNCHER3
			direction = -0.49999997/-0.8660254/0.0/0.8660254/-0.49999997/0.0/0.0/0.0/-0.99999994/0.49999997/-0.8660254/0.0/0.0/0.8660254/0.49999997/0.0/0.0/0.0/0.0/0.99999994/0.0/0.0/0.0/0.0/1.0
		}

		11
		{
			pos = 0.07,0.020000001,0.373
			copytarget = true
			weaponname = LAUNCHER3
			direction = 0.5/-0.8660254/0.0/0.8660254/0.5/0.0/0.0/0.0/-0.99999994/-0.5/-0.8660254/0.0/0.0/0.8660254/-0.5/0.0/0.0/0.0/0.0/0.99999994/0.0/0.0/0.0/0.0/1.0
		}

		12
		{
			pos = -0.07,-0.020000001,-0.335
			copytarget = true
			weaponname = TURRET8
			direction = -0.5/0.8660254/0.0/-0.8660254/-0.5/0.0/0.0/0.0/-0.99999976/0.5/0.8660254/0.0/0.0/-0.8660254/0.5/0.0/0.0/0.0/0.0/0.99999976/0.0/0.0/0.0/0.0/1.0
		}

		13
		{
			pos = -0.07,0.020000001,-0.335
			copytarget = true
			weaponname = TURRET8
			direction = 0.4999999/0.86602545/0.0/-0.86602545/0.4999999/0.0/0.0/0.0/-0.9999999/-0.4999999/0.86602545/0.0/0.0/-0.86602545/-0.4999999/0.0/0.0/0.0/0.0/0.9999999/0.0/0.0/0.0/0.0/1.0
		}

		14
		{
			pos = -0.07,-0.020000001,-0.17400001
			copytarget = true
			weaponname = TURRET8
			direction = -0.5/0.8660254/0.0/-0.8660254/-0.5/0.0/0.0/0.0/-0.99999976/0.5/0.8660254/0.0/0.0/-0.8660254/0.5/-0.0/-0.0/0.0/0.0/0.99999976/0.0/0.0/0.0/0.0/1.0
		}

		15
		{
			pos = -0.07,0.020000001,-0.17400001
			copytarget = true
			weaponname = TURRET8
			direction = 0.49999997/0.86602545/0.0/-0.86602545/0.49999997/-0.0/0.0/0.0/-0.9999999/-0.49999997/0.86602545/-0.0/-0.0/-0.86602545/-0.49999997/0.0/0.0/0.0/0.0/0.9999999/0.0/0.0/0.0/0.0/1.0
		}

		16
		{
			pos = -0.07,-0.020000001,-0.007
			copytarget = false
			weaponname = TURRET8
			direction = -0.5/0.8660254/0.0/-0.8660254/-0.5/0.0/0.0/0.0/-0.9999999/0.5/0.8660254/0.0/0.0/-0.8660254/0.5/-0.0/-0.0/0.0/0.0/0.9999999/0.0/0.0/0.0/0.0/1.0
		}

		17
		{
			pos = -0.07,0.020000001,-0.007
			copytarget = false
			weaponname = TURRET8
			direction = 0.49999997/0.86602545/0.0/-0.86602545/0.49999997/-0.0/0.0/0.0/-0.9999999/-0.49999997/0.86602545/-0.0/-0.0/-0.86602545/-0.49999997/0.0/0.0/0.0/0.0/0.9999999/0.0/0.0/0.0/0.0/1.0
		}

		18
		{
			pos = -0.11799999,0.0,0.285
			copytarget = true
			weaponname = CANNON0
			direction = -1.0/0.0/0.0/0.0/-1.0/0.0/0.0/0.0/-1.0/1.0/0.0/0.0/0.0/0.0/1.0/0.0/0.0/0.0/0.0/1.0/0.0/0.0/0.0/0.0/1.0
		}

		19
		{
			pos = -0.07,-0.020000001,0.373
			copytarget = true
			weaponname = LAUNCHER3
			direction = -0.5/0.8660254/0.0/-0.8660254/-0.5/0.0/0.0/0.0/-0.99999976/0.5/0.8660254/0.0/0.0/-0.8660254/0.5/-0.0/-0.0/0.0/0.0/0.99999976/0.0/0.0/0.0/0.0/1.0
		}

		20
		{
			pos = -0.07,0.020000001,0.373
			copytarget = true
			weaponname = LAUNCHER3
			direction = 0.49999997/0.86602545/0.0/-0.86602545/0.49999997/-0.0/0.0/0.0/-0.9999999/-0.49999997/0.86602545/-0.0/-0.0/-0.86602545/-0.49999997/0.0/0.0/0.0/0.0/0.9999999/0.0/0.0/0.0/0.0/1.0
		}

		21
		{
			pos = 0.0,0.038,-0.17400001
			copytarget = true
			weaponname = RAYCANNON2
			direction = 1.0/8.742278E-8/0.0/-8.742278E-8/1.0/-0.0/0.0/0.0/-0.9999999/-1.0/8.742278E-8/0.0/0.0/-8.742278E-8/-1.0/0.0/0.0/0.0/0.0/0.9999999/0.0/0.0/0.0/0.0/1.0
		}
	}
	container = 
	port = 
}
