controls
{
	horizontal
	{
		speed = 2614.7998
		thrust = 0.48
		brake = 1.98
	}

	vertical
	{
		speed = 253.4
		thrust = 0.97
		brake = 0.0
	}

	rotation
	{
		pitch = 0.108
		yaw = 0.131
		roll = 0.205
	}

	hyper
	{
		speed = 0.95
		thrust = 0.459
	}

	afterburn
	{
		power = 1.4000001
		time = 4.2
		cooldown = 17.1
		smoothness = 1.8
	}
}
name = Unknown
manufacturer = GM

class
{
	rank = 3
	name = 1
}

info
{
	size = 185.1
	health = 7899.0
	shield = 1972.0
	mass = 281.3
	maxcargo = 84
}

model
{
	uselight = true
	metal = SHIP/124_0m
	glass = SHIP/124_0g
}

thrust
{
	model = THRUST/0
	texture = RED1
}

components
{
	thrust
	{
		0
		{
			pos = 0.13700001,-0.057,0.475
			size = 0.115
			rotation = 0.0
		}

		1
		{
			pos = 0.13700001,0.057,0.475
			size = 0.115
			rotation = 0.0
		}

		2
		{
			pos = 0.223,0.0,0.475
			size = 0.115
			rotation = 0.0
		}

		3
		{
			pos = -0.13700001,-0.057,0.475
			size = 0.115
			rotation = 0.0
		}

		4
		{
			pos = -0.13700001,0.057,0.475
			size = 0.115
			rotation = 0.0
		}

		5
		{
			pos = -0.223,0.0,0.475
			size = 0.115
			rotation = 0.0
		}
	}

	collider
	{
		0
		{
			pos = 0.0,0.0,-0.445
			size = 0.07
			strength = 0
		}

		1
		{
			pos = 0.0,0.0,-0.365
			size = 0.085
			strength = 0
		}

		2
		{
			pos = 0.0,0.0,-0.28
			size = 0.075
			strength = 2
		}

		3
		{
			pos = 0.0,0.0,-0.21500002
			size = 0.075
			strength = 2
		}

		4
		{
			pos = 0.0,0.0,-0.125
			size = 0.089999996
			strength = 0
		}

		5
		{
			pos = 0.0,0.0,-0.05
			size = 0.095
			strength = 0
		}

		6
		{
			pos = 0.0,0.0,0.05
			size = 0.095
			strength = 0
		}

		7
		{
			pos = 0.0,0.0,0.125
			size = 0.089999996
			strength = 0
		}

		8
		{
			pos = 0.0,0.0,0.21500002
			size = 0.075
			strength = 2
		}

		9
		{
			pos = 0.0,0.0,0.28
			size = 0.075
			strength = 2
		}

		10
		{
			pos = 0.0,0.0,0.35
			size = 0.095
			strength = 1
		}

		11
		{
			pos = 0.0,0.0,0.43000004
			size = 0.075
			strength = 0
		}

		12
		{
			pos = 0.13600002,-0.057,0.258
			size = 0.05
			strength = -1
		}

		13
		{
			pos = 0.13600002,-0.057,0.30500004
			size = 0.055000003
			strength = -1
		}

		14
		{
			pos = 0.13600002,-0.057,0.355
			size = 0.055000003
			strength = -1
		}

		15
		{
			pos = 0.13600002,-0.057,0.40500003
			size = 0.055000003
			strength = -1
		}

		16
		{
			pos = 0.13600002,-0.057,0.455
			size = 0.05
			strength = -2
		}

		17
		{
			pos = 0.13600002,0.057,0.258
			size = 0.05
			strength = -1
		}

		18
		{
			pos = 0.13600002,0.057,0.30500004
			size = 0.055000003
			strength = -1
		}

		19
		{
			pos = 0.13600002,0.057,0.355
			size = 0.055000003
			strength = -1
		}

		20
		{
			pos = 0.13600002,0.057,0.40500003
			size = 0.055000003
			strength = -1
		}

		21
		{
			pos = 0.13600002,0.057,0.455
			size = 0.05
			strength = -2
		}

		22
		{
			pos = 0.222,0.0,0.258
			size = 0.05
			strength = -1
		}

		23
		{
			pos = 0.222,0.0,0.30500004
			size = 0.055000003
			strength = -1
		}

		24
		{
			pos = 0.222,0.0,0.355
			size = 0.055000003
			strength = -1
		}

		25
		{
			pos = 0.222,0.0,0.40500003
			size = 0.055000003
			strength = -1
		}

		26
		{
			pos = 0.222,0.0,0.455
			size = 0.05
			strength = -2
		}

		27
		{
			pos = -0.13600002,-0.057,0.258
			size = 0.05
			strength = -1
		}

		28
		{
			pos = -0.13600002,-0.057,0.30500004
			size = 0.055000003
			strength = -1
		}

		29
		{
			pos = -0.13600002,-0.057,0.355
			size = 0.055000003
			strength = -1
		}

		30
		{
			pos = -0.13600002,-0.057,0.40500003
			size = 0.055000003
			strength = -1
		}

		31
		{
			pos = -0.13600002,-0.057,0.455
			size = 0.05
			strength = -2
		}

		32
		{
			pos = -0.13600002,0.057,0.258
			size = 0.05
			strength = -1
		}

		33
		{
			pos = -0.13600002,0.057,0.30500004
			size = 0.055000003
			strength = -1
		}

		34
		{
			pos = -0.13600002,0.057,0.355
			size = 0.055000003
			strength = -1
		}

		35
		{
			pos = -0.13600002,0.057,0.40500003
			size = 0.055000003
			strength = -1
		}

		36
		{
			pos = -0.13600002,0.057,0.455
			size = 0.05
			strength = -2
		}

		37
		{
			pos = -0.222,0.0,0.258
			size = 0.05
			strength = -1
		}

		38
		{
			pos = -0.222,0.0,0.30500004
			size = 0.055000003
			strength = -1
		}

		39
		{
			pos = -0.222,0.0,0.355
			size = 0.055000003
			strength = -1
		}

		40
		{
			pos = -0.222,0.0,0.40500003
			size = 0.055000003
			strength = -1
		}

		41
		{
			pos = -0.222,0.0,0.455
			size = 0.05
			strength = -2
		}
	}

	weapon
	{
		0
		{
			pos = 0.020000001,0.025,-0.51500005
			copytarget = true
			weaponname = CANNON2
			direction = -1.0/0.0/0.0/0.0/-1.0/0.0/0.0/0.0/-1.0/1.0/0.0/0.0/0.0/0.0/1.0/0.0/0.0/0.0/0.0/1.0/0.0/0.0/0.0/0.0/1.0
		}

		1
		{
			pos = 0.07300001,-0.030000001,-0.058
			copytarget = true
			weaponname = TURRET7
			direction = -0.42261827/-0.9063078/0.0/0.9063078/-0.42261827/0.0/0.0/0.0/-1.0/0.42261827/-0.9063078/0.0/0.0/0.9063078/0.42261827/0.0/0.0/0.0/0.0/1.0/0.0/0.0/0.0/0.0/1.0
		}

		2
		{
			pos = 0.072000004,-0.030000001,-0.14500001
			copytarget = true
			weaponname = TURRET12
			direction = -0.42261827/-0.9063078/-7.4505806E-9/0.875426/-0.4082179/-0.258819/-0.2345697/0.109381646/-0.9659257/0.4226183/-0.8754262/0.2345697/0.0/0.9063077/0.40821788/-0.10938164/0.0/-3.7971564E-8/0.25881907/0.9659257/0.0/0.0/0.0/0.0/1.0
		}

		3
		{
			pos = 0.07300001,-0.030000001,0.058
			copytarget = true
			weaponname = TURRET7
			direction = -0.42261827/-0.90630776/0.0/0.90630776/-0.42261827/0.0/0.0/0.0/-1.0/0.42261827/-0.90630776/0.0/0.0/0.90630776/0.42261827/0.0/0.0/0.0/0.0/1.0/0.0/0.0/0.0/0.0/1.0
		}

		4
		{
			pos = 0.072000004,-0.030000001,0.14500001
			copytarget = false
			weaponname = TURRET12
			direction = -0.42261827/-0.9063078/-7.4505806E-9/0.87542593/-0.40821788/0.25881904/0.23456964/-0.10938162/-0.9659256/0.4226184/-0.8754263/-0.23456967/0.0/0.9063075/0.40821782/0.10938162/0.0/7.787433E-8/-0.2588191/0.96592563/0.0/0.0/0.0/0.0/1.0
		}

		5
		{
			pos = 0.07300001,0.030000001,-0.058
			copytarget = true
			weaponname = TURRET7
			direction = 0.42261833/-0.90630776/0.0/0.90630776/0.42261833/0.0/0.0/0.0/-0.99999994/-0.42261833/-0.90630776/0.0/0.0/0.90630776/-0.42261833/0.0/0.0/0.0/0.0/0.99999994/0.0/0.0/0.0/0.0/1.0
		}

		6
		{
			pos = 0.072000004,0.030000001,-0.14500001
			copytarget = true
			weaponname = TURRET12
			direction = 0.42261827/-0.9063078/-7.4505806E-9/0.875426/0.4082178/-0.258819/-0.2345697/-0.109381646/-0.9659257/-0.4226182/-0.8754261/0.2345697/0.0/0.9063078/-0.40821797/0.109381646/0.0/-3.7971564E-8/0.25881907/0.9659257/0.0/0.0/0.0/0.0/1.0
		}

		7
		{
			pos = 0.07300001,0.030000001,0.058
			copytarget = true
			weaponname = TURRET7
			direction = 0.42261827/-0.90630776/0.0/0.90630776/0.42261827/0.0/0.0/0.0/-0.99999994/-0.42261827/-0.90630776/0.0/0.0/0.90630776/-0.42261827/0.0/0.0/0.0/0.0/0.99999994/0.0/0.0/0.0/0.0/1.0
		}

		8
		{
			pos = 0.072000004,0.030000001,0.14500001
			copytarget = false
			weaponname = TURRET12
			direction = 0.42261827/-0.9063078/-7.4505806E-9/0.875426/0.40821782/0.25881904/0.23456964/0.109381616/-0.9659256/-0.422618/-0.8754262/-0.23456967/0.0/0.9063077/-0.40821812/-0.10938163/0.0/7.787433E-8/-0.2588191/0.96592563/0.0/0.0/0.0/0.0/1.0
		}

		9
		{
			pos = 0.020000001,0.0,0.5
			copytarget = false
			weaponname = LAUNCHER0
			direction = 4.3711385E-8/-0.99999994/0.0/-4.371139E-8/-1.9106855E-15/0.9999998/1.0/4.371139E-8/4.3711378E-8/-4.3711385E-8/4.371139E-8/-1.0/0.0/0.99999994/1.9106855E-15/-4.371139E-8/0.0/0.0/-0.9999998/-4.3711378E-8/0.0/0.0/0.0/0.0/1.0
		}

		10
		{
			pos = -0.020000001,0.025,-0.51500005
			copytarget = true
			weaponname = CANNON2
			direction = -1.0/0.0/0.0/0.0/-1.0/0.0/0.0/0.0/-1.0/1.0/0.0/0.0/0.0/0.0/1.0/0.0/0.0/0.0/0.0/1.0/0.0/0.0/0.0/0.0/1.0
		}

		11
		{
			pos = -0.07300001,-0.030000001,-0.058
			copytarget = true
			weaponname = TURRET7
			direction = -0.3420201/0.9396927/0.0/-0.9396927/-0.3420201/0.0/0.0/0.0/-0.9999999/0.3420201/0.9396927/0.0/0.0/-0.9396927/0.3420201/0.0/0.0/0.0/0.0/0.9999999/0.0/0.0/0.0/0.0/1.0
		}

		12
		{
			pos = -0.072000004,-0.030000001,-0.14500001
			copytarget = true
			weaponname = TURRET12
			direction = -0.34202012/0.9396926/-7.4505797E-9/-0.9076733/-0.33036596/-0.258819/0.24321033/0.08852132/-0.96592563/0.34202003/0.90767336/-0.24321032/0.0/-0.9396926/0.3303661/-0.088521324/-0.0/-3.797156E-8/0.25881904/0.96592563/0.0/0.0/0.0/0.0/1.0
		}

		13
		{
			pos = -0.07300001,-0.030000001,0.060000002
			copytarget = true
			weaponname = TURRET7
			direction = -0.34202006/0.9396926/0.0/-0.9396926/-0.34202006/0.0/0.0/0.0/-0.9999999/0.34202006/0.9396926/0.0/0.0/-0.9396926/0.34202006/-0.0/-0.0/0.0/0.0/0.99999994/0.0/0.0/0.0/0.0/1.0
		}

		14
		{
			pos = -0.07300001,-0.030000001,0.138
			copytarget = false
			weaponname = TURRET12
			direction = -0.34202012/0.9396926/-7.4505797E-9/-0.90767324/-0.330366/0.25881904/-0.24321027/-0.08852129/-0.9659256/0.34201986/0.9076735/0.24321029/0.0/-0.93969256/0.33036625/0.0885213/-0.0/7.7874326E-8/-0.25881907/0.9659256/0.0/0.0/0.0/0.0/1.0
		}

		15
		{
			pos = -0.07300001,0.030000001,-0.058
			copytarget = true
			weaponname = TURRET7
			direction = 0.34202003/0.9396926/0.0/-0.9396926/0.34202003/-0.0/0.0/0.0/-0.9999999/-0.34202003/0.9396926/-0.0/-0.0/-0.9396926/-0.34202003/0.0/0.0/0.0/0.0/0.9999999/0.0/0.0/0.0/0.0/1.0
		}

		16
		{
			pos = -0.072000004,0.030000001,-0.14500001
			copytarget = true
			weaponname = TURRET12
			direction = 0.34202012/0.9396926/-7.4505797E-9/-0.90767324/0.33036605/-0.258819/0.24321033/-0.08852132/-0.96592563/-0.34202015/0.9076735/-0.24321033/-0.0/-0.9396926/-0.33036605/0.08852132/0.0/-3.797156E-8/0.25881904/0.96592563/0.0/0.0/0.0/0.0/1.0
		}

		17
		{
			pos = -0.07300001,0.030000001,0.058
			copytarget = true
			weaponname = TURRET7
			direction = 0.34202006/0.9396926/0.0/-0.9396926/0.34202006/-0.0/0.0/0.0/-0.9999999/-0.34202006/0.9396926/-0.0/-0.0/-0.9396926/-0.34202006/0.0/0.0/0.0/0.0/0.9999999/0.0/0.0/0.0/0.0/1.0
		}

		18
		{
			pos = -0.072000004,0.030000001,0.14500001
			copytarget = false
			weaponname = TURRET12
			direction = 0.34202012/0.9396926/-7.4505797E-9/-0.90767324/0.33036602/0.25881904/-0.24321026/0.088521294/-0.9659256/-0.34202024/0.9076736/0.24321029/-0.0/-0.9396924/-0.33036593/-0.088521294/0.0/7.7874326E-8/-0.25881907/0.9659256/0.0/0.0/0.0/0.0/1.0
		}

		19
		{
			pos = -0.020000001,0.0,0.5
			copytarget = true
			weaponname = LAUNCHER0
			direction = -1.3113416E-7/0.99999994/-0.0/4.371139E-8/5.7320566E-15/0.9999997/-1.0/-1.3113416E-7/4.371137E-8/1.3113416E-7/-4.371139E-8/1.0/0.0/-0.99999994/-5.7320566E-15/1.3113416E-7/0.0/0.0/-0.9999997/-4.371137E-8/0.0/0.0/0.0/0.0/1.0
		}
	}
	container = 
	port = 
}
