name = Unknown
manufacturer = IGT

class
{
	rank = 0
	name = 0
}

info
{
	size = 418.5
	health = 22654.0
	shield = 7340.0
	mass = 1415.1
	maxcargo = 424
}

model
{
	uselight = true
	metal = STATION/5m
	glass = STATION/5g
}

thrust
{
	model = 
	texture = 
}

components
{
	thrust = 

	collider
	{
		0
		{
			pos = 0.0,0.0,0.0
			size = 0.11000001
			strength = 1
		}

		1
		{
			pos = 0.0,-0.07,0.0
			size = 0.07
			strength = 1
		}

		2
		{
			pos = 0.0,-0.19,0.0
			size = 0.065
			strength = -1
		}

		3
		{
			pos = 0.0,-0.25,0.0
			size = 0.065
			strength = -1
		}

		4
		{
			pos = 0.0,-0.22000001,-0.085
			size = 0.035
			strength = 0
		}

		5
		{
			pos = 0.0,-0.22000001,-0.14
			size = 0.035
			strength = 0
		}

		6
		{
			pos = 0.0,-0.22000001,-0.19
			size = 0.035
			strength = 0
		}

		7
		{
			pos = 0.0,0.0,-0.29000002
			size = 0.035
			strength = 0
		}

		8
		{
			pos = 0.0,-0.055000003,-0.29000002
			size = 0.035
			strength = 0
		}

		9
		{
			pos = 0.0,-0.16000001,-0.29500005
			size = 0.089999996
			strength = 1
		}

		10
		{
			pos = 0.0,-0.28,-0.29500005
			size = 0.089999996
			strength = 1
		}

		11
		{
			pos = 0.0,0.07,0.0
			size = 0.07
			strength = 1
		}

		12
		{
			pos = 0.0,0.19,0.0
			size = 0.065
			strength = -1
		}

		13
		{
			pos = 0.0,0.25,0.0
			size = 0.065
			strength = -1
		}

		14
		{
			pos = 0.0,0.22000001,-0.085
			size = 0.035
			strength = 0
		}

		15
		{
			pos = 0.0,0.22000001,-0.14
			size = 0.035
			strength = 0
		}

		16
		{
			pos = 0.0,0.22000001,-0.19
			size = 0.035
			strength = 0
		}

		17
		{
			pos = 0.0,0.055000003,-0.29000002
			size = 0.035
			strength = 0
		}

		18
		{
			pos = 0.0,0.16000001,-0.29500005
			size = 0.089999996
			strength = 1
		}

		19
		{
			pos = 0.0,0.28,-0.29500005
			size = 0.089999996
			strength = 1
		}

		20
		{
			pos = 0.07361215,-0.22000001,0.042500015
			size = 0.035
			strength = 0
		}

		21
		{
			pos = 0.12124356,-0.22000001,0.07000002
			size = 0.035
			strength = 0
		}

		22
		{
			pos = 0.16454482,-0.22000001,0.09500002
			size = 0.035
			strength = 0
		}

		23
		{
			pos = 0.25114736,0.0,0.14500004
			size = 0.035
			strength = 0
		}

		24
		{
			pos = 0.25114736,-0.055000003,0.14500004
			size = 0.035
			strength = 0
		}

		25
		{
			pos = 0.25547755,-0.16,0.14750005
			size = 0.089999996
			strength = 1
		}

		26
		{
			pos = 0.25547755,-0.27999997,0.14750005
			size = 0.089999996
			strength = 1
		}

		27
		{
			pos = 0.0752,0.22000001,0.042600002
			size = 0.035
			strength = 0
		}

		28
		{
			pos = 0.12124356,0.22000001,0.07000002
			size = 0.035
			strength = 0
		}

		29
		{
			pos = 0.16454482,0.22000001,0.09500002
			size = 0.035
			strength = 0
		}

		30
		{
			pos = 0.25114736,0.055000003,0.14500004
			size = 0.035
			strength = 0
		}

		31
		{
			pos = 0.25547755,0.16,0.14750005
			size = 0.089999996
			strength = 1
		}

		32
		{
			pos = 0.25547755,0.27999997,0.14750005
			size = 0.089999996
			strength = 1
		}

		33
		{
			pos = -0.073612176,-0.22000001,0.042499986
			size = 0.035
			strength = 0
		}

		34
		{
			pos = -0.12124359,-0.22000001,0.069999985
			size = 0.035
			strength = 0
		}

		35
		{
			pos = -0.1645,-0.22000001,0.093
			size = 0.035
			strength = 0
		}

		36
		{
			pos = -0.25114742,0.0,0.14499997
			size = 0.035
			strength = 0
		}

		37
		{
			pos = -0.25114742,-0.055000003,0.14499997
			size = 0.035
			strength = 0
		}

		38
		{
			pos = -0.25547764,-0.16,0.14749998
			size = 0.089999996
			strength = 1
		}

		39
		{
			pos = -0.25547764,-0.27999997,0.14749998
			size = 0.089999996
			strength = 1
		}

		40
		{
			pos = -0.07449269,0.22000001,0.043825105
			size = 0.035
			strength = 0
		}

		41
		{
			pos = -0.12124359,0.22000001,0.069999985
			size = 0.035
			strength = 0
		}

		42
		{
			pos = -0.16454485,0.22000001,0.09499997
			size = 0.035
			strength = 0
		}

		43
		{
			pos = -0.25114742,0.055000003,0.14499997
			size = 0.035
			strength = 0
		}

		44
		{
			pos = -0.25547764,0.16,0.14749998
			size = 0.089999996
			strength = 1
		}

		45
		{
			pos = -0.25547764,0.27999997,0.14749998
			size = 0.089999996
			strength = 1
		}

		46
		{
			pos = 0.0,-0.44000003,0.298
			size = 0.060000002
			strength = 0
		}

		47
		{
			pos = -0.298,-0.44000003,-1.3025994E-8
			size = 0.060000002
			strength = 0
		}

		48
		{
			pos = -0.21071783,-0.44000006,0.21071783
			size = 0.060000002
			strength = 0
		}

		49
		{
			pos = -0.116437905,-0.44000003,0.2743105
			size = 0.060000002
			strength = 0
		}

		50
		{
			pos = -0.27630088,-0.44000006,0.11163278
			size = 0.060000002
			strength = 0
		}

		51
		{
			pos = 0.0,-0.44000003,-0.298
			size = 0.060000002
			strength = 0
		}

		52
		{
			pos = -0.21071783,-0.44000006,-0.21071783
			size = 0.060000002
			strength = 0
		}

		53
		{
			pos = -0.116437905,-0.44000003,-0.2743105
			size = 0.060000002
			strength = 0
		}

		54
		{
			pos = -0.27630088,-0.44000006,-0.11163278
			size = 0.060000002
			strength = 0
		}

		55
		{
			pos = 0.298,-0.44000003,-1.3025994E-8
			size = 0.060000002
			strength = 0
		}

		56
		{
			pos = 0.21071783,-0.44000006,0.21071783
			size = 0.060000002
			strength = 0
		}

		57
		{
			pos = 0.116437905,-0.44000003,0.2743105
			size = 0.060000002
			strength = 0
		}

		58
		{
			pos = 0.27630088,-0.44000006,0.11163278
			size = 0.060000002
			strength = 0
		}

		59
		{
			pos = 0.21071783,-0.44000006,-0.21071783
			size = 0.060000002
			strength = 0
		}

		60
		{
			pos = 0.116437905,-0.44000003,-0.2743105
			size = 0.060000002
			strength = 0
		}

		61
		{
			pos = 0.27630088,-0.44000006,-0.11163278
			size = 0.060000002
			strength = 0
		}

		62
		{
			pos = 0.0,0.44000003,0.298
			size = 0.060000002
			strength = 0
		}

		63
		{
			pos = -0.298,0.44000003,-1.3025994E-8
			size = 0.060000002
			strength = 0
		}

		64
		{
			pos = -0.21071783,0.44000006,0.21071783
			size = 0.060000002
			strength = 0
		}

		65
		{
			pos = -0.116437905,0.44000003,0.2743105
			size = 0.060000002
			strength = 0
		}

		66
		{
			pos = -0.27630088,0.44000006,0.11163278
			size = 0.060000002
			strength = 0
		}

		67
		{
			pos = 0.0,0.44000003,-0.298
			size = 0.060000002
			strength = 0
		}

		68
		{
			pos = -0.21071783,0.44000006,-0.21071783
			size = 0.060000002
			strength = 0
		}

		69
		{
			pos = -0.116437905,0.44000003,-0.2743105
			size = 0.060000002
			strength = 0
		}

		70
		{
			pos = -0.27630088,0.44000006,-0.11163278
			size = 0.060000002
			strength = 0
		}

		71
		{
			pos = 0.298,0.44000003,-1.3025994E-8
			size = 0.060000002
			strength = 0
		}

		72
		{
			pos = 0.21071783,0.44000006,0.21071783
			size = 0.060000002
			strength = 0
		}

		73
		{
			pos = 0.116437905,0.44000003,0.2743105
			size = 0.060000002
			strength = 0
		}

		74
		{
			pos = 0.27630088,0.44000006,0.11163278
			size = 0.060000002
			strength = 0
		}

		75
		{
			pos = 0.21071783,0.44000006,-0.21071783
			size = 0.060000002
			strength = 0
		}

		76
		{
			pos = 0.116437905,0.44000003,-0.2743105
			size = 0.060000002
			strength = 0
		}

		77
		{
			pos = 0.27630088,0.44000006,-0.11163278
			size = 0.060000002
			strength = 0
		}
	}

	weapon
	{
		0
		{
			pos = 0.0,-0.035,0.075
			copytarget = true
			weaponname = TURRET8
			direction = -0.99999994/0.0/0.0/0.0/4.371139E-8/1.0/-0.0/-1.0/4.371139E-8/0.99999994/0.0/0.0/0.0/0.0/-4.371139E-8/1.0/0.0/-0.0/-1.0/-4.371139E-8/-0.0/0.0/0.0/0.0/1.0
		}

		1
		{
			pos = -0.0649519,-0.035,-0.0375
			copytarget = true
			weaponname = TURRET8
			direction = 0.49999997/0.0/-0.86602527/-0.8660254/4.371139E-8/-0.5/-3.785517E-8/-1.0/-2.1855694E-8/-0.49999997/0.8660254/3.785517E-8/0.0/0.0/-4.371139E-8/1.0/0.0/0.86602527/0.5/2.1855694E-8/0.0/0.0/0.0/0.0/1.0
		}

		2
		{
			pos = 0.0649519,-0.035,-0.037499994
			copytarget = true
			weaponname = TURRET8
			direction = 0.49999982/0.0/0.8660253/0.8660254/4.371139E-8/-0.5/3.7855173E-8/-1.0/-2.1855692E-8/-0.49999982/-0.8660254/-3.7855173E-8/0.0/0.0/-4.371139E-8/1.0/0.0/-0.8660253/0.5/2.1855692E-8/0.0/0.0/0.0/0.0/1.0
		}

		3
		{
			pos = 0.0,-0.035,-0.092
			copytarget = true
			weaponname = CANNON6
			direction = 0.99999994/3.8213705E-15/8.742277E-8/8.742278E-8/-4.371139E-8/-1.0/0.0/-0.9999999/4.371138E-8/-0.9999999/-8.742278E-8/0.0/-0.0/-3.5527137E-15/4.3711385E-8/0.99999976/0.0/-8.742276E-8/0.99999994/-4.3711374E-8/0.0/0.0/0.0/0.0/1.0
		}

		4
		{
			pos = 0.07967433,-0.035,0.046
			copytarget = true
			weaponname = CANNON6
			direction = -0.50000006/3.8213705E-15/0.86602527/0.86602527/-4.371139E-8/0.50000006/-3.7855166E-8/-0.9999999/-2.185569E-8/0.50000006/-0.86602527/3.7855155E-8/-0.0/-3.5527137E-15/4.3711385E-8/0.99999976/0.0/-0.8660252/-0.50000006/2.1855687E-8/0.0/0.0/0.0/0.0/1.0
		}

		5
		{
			pos = -0.07967433,-0.035,0.046
			copytarget = true
			weaponname = CANNON6
			direction = -0.49999985/3.8213705E-15/-0.8660254/-0.8660254/-4.371139E-8/0.49999985/3.7855166E-8/-0.9999999/-2.185569E-8/0.49999973/0.8660254/-3.785516E-8/-0.0/-3.5527137E-15/4.3711385E-8/0.99999976/0.0/0.8660253/-0.49999985/2.1855676E-8/0.0/0.0/0.0/0.0/1.0
		}

		6
		{
			pos = 0.0,0.035,0.075
			copytarget = true
			weaponname = TURRET8
			direction = 0.99999994/8.742277E-8/-3.8213705E-15/0.0/4.371138E-8/0.9999999/-8.742278E-8/1.0/-4.371139E-8/-0.9999999/0.0/8.742278E-8/0.0/-8.742276E-8/-4.3711374E-8/-0.99999994/0.0/3.5527137E-15/-0.99999976/4.3711385E-8/0.0/0.0/0.0/0.0/1.0
		}

		7
		{
			pos = -0.0649519,0.035,-0.0375
			copytarget = true
			weaponname = TURRET8
			direction = -0.4999999/8.742276E-8/0.86602527/-0.86602527/4.371138E-8/-0.49999994/8.156657E-8/1.0/-5.3854652E-8/0.49999988/0.86602515/-8.940697E-8/0.0/-9.732689E-8/-2.9802322E-8/-0.99999994/0.0/-0.8660252/0.49999988/5.9604645E-8/0.0/0.0/0.0/0.0/1.0
		}

		8
		{
			pos = 0.0649519,0.035,-0.037499994
			copytarget = true
			weaponname = TURRET8
			direction = -0.50000006/8.742276E-8/-0.8660252/0.86602527/4.371138E-8/-0.49999994/5.856215E-9/1.0/9.7566044E-8/0.49999997/-0.8660251/0.0/0.0/-8.841485E-8/0.0/-0.99999994/0.0/0.8660251/0.49999985/-1.1920929E-7/0.0/0.0/0.0/0.0/1.0
		}

		9
		{
			pos = 0.0,0.035,-0.092
			copytarget = true
			weaponname = CANNON6
			direction = -0.99999994/8.742276E-8/-8.742277E-8/8.742276E-8/-4.371138E-8/-0.9999999/8.742277E-8/0.9999999/-4.3711385E-8/0.9999998/-8.7422734E-8/-8.742275E-8/0.0/-8.742276E-8/4.3711363E-8/-0.9999997/-0.0/8.742278E-8/0.9999997/4.3711374E-8/0.0/0.0/0.0/0.0/1.0
		}

		10
		{
			pos = 0.07967433,0.035,0.046
			copytarget = true
			weaponname = CANNON6
			direction = 0.5000001/8.742276E-8/-0.8660253/0.86602527/-7.351371E-8/0.5000001/1.9953335E-8/0.9999999/1.12467184E-7/-0.50000006/-0.866025/0.0/0.0/-9.5330506E-8/8.940697E-8/-0.9999997/0.0/0.8660251/-0.4999999/-8.940697E-8/0.0/0.0/0.0/0.0/1.0
		}

		11
		{
			pos = -0.07967433,0.035,0.046
			copytarget = true
			weaponname = CANNON6
			direction = 0.49999985/8.742276E-8/0.8660253/-0.8660252/-4.371138E-8/0.49999976/-8.1566554E-8/0.9999999/-5.3854645E-8/-0.49999973/0.8660248/1.1920929E-7/-0.0/-9.041121E-8/2.9802322E-8/-0.99999946/0.0/-0.86602503/-0.49999952/5.9604645E-8/0.0/0.0/0.0/0.0/1.0
		}

		12
		{
			pos = 0.0,-0.1,0.049000002
			copytarget = true
			weaponname = LAUNCHER1
			direction = -0.99999994/0.0/0.0/0.0/4.371139E-8/1.0/-0.0/-1.0/4.371139E-8/0.99999994/0.0/0.0/0.0/0.0/-4.371139E-8/1.0/0.0/-0.0/-1.0/-4.371139E-8/-0.0/0.0/0.0/0.0/1.0
		}

		13
		{
			pos = -0.042435244,-0.1,-0.024500001
			copytarget = true
			weaponname = LAUNCHER1
			direction = 0.49999997/0.0/-0.86602527/-0.8660254/4.371139E-8/-0.5/-3.785517E-8/-1.0/-2.1855694E-8/-0.49999997/0.8660254/3.785517E-8/0.0/0.0/-4.371139E-8/1.0/0.0/0.86602527/0.5/2.1855694E-8/0.0/0.0/0.0/0.0/1.0
		}

		14
		{
			pos = 0.042435247,-0.099999994,-0.024499997
			copytarget = true
			weaponname = LAUNCHER1
			direction = 0.49999988/0.0/0.8660253/0.86602545/4.3711385E-8/-0.49999997/3.7855173E-8/-0.99999994/-2.185569E-8/-0.49999988/-0.86602545/-3.7855173E-8/-0.0/0.0/-4.3711385E-8/0.99999994/0.0/-0.8660253/0.49999997/2.185569E-8/0.0/0.0/0.0/0.0/1.0
		}

		15
		{
			pos = 0.0,0.1,0.049000002
			copytarget = true
			weaponname = LAUNCHER1
			direction = 0.99999994/8.742277E-8/-3.8213705E-15/0.0/4.371138E-8/0.9999999/-8.742278E-8/1.0/-4.371139E-8/-0.9999999/0.0/8.742278E-8/0.0/-8.742276E-8/-4.3711374E-8/-0.99999994/0.0/3.5527137E-15/-0.99999976/4.3711385E-8/0.0/0.0/0.0/0.0/1.0
		}

		16
		{
			pos = -0.042435244,0.1,-0.024500001
			copytarget = true
			weaponname = LAUNCHER1
			direction = -0.4999999/8.742276E-8/0.86602527/-0.86602527/4.371138E-8/-0.49999994/8.156657E-8/1.0/-5.3854652E-8/0.49999988/0.86602515/-8.940697E-8/0.0/-9.732689E-8/-2.9802322E-8/-0.99999994/0.0/-0.8660252/0.49999988/5.9604645E-8/0.0/0.0/0.0/0.0/1.0
		}

		17
		{
			pos = 0.042435247,0.099999994,-0.024499997
			copytarget = true
			weaponname = LAUNCHER1
			direction = -0.49999994/8.742277E-8/-0.8660254/0.8660253/4.3711378E-8/-0.4999999/5.8562133E-9/0.99999994/9.756604E-8/0.4999999/-0.8660252/0.0/0.0/-9.732689E-8/-2.9802322E-8/-0.99999994/-0.0/0.86602527/0.49999988/-8.940697E-8/0.0/0.0/0.0/0.0/1.0
		}
	}
	container = 

	port
	{
		0
		{
			pos = 0.0,-0.335,0.0
			size = 0.0,10.0
			visible = false
			rotation = 0.0
		}

		1
		{
			pos = 0.0,-0.45000002,0.19500001
			size = 0.0,50.0
			visible = true
			rotation = 0.0
		}

		2
		{
			pos = -0.19500001,-0.45000002,-8.523721E-9
			size = 0.0,50.0
			visible = true
			rotation = 1.5707964
		}

		3
		{
			pos = 1.7047443E-8,-0.45000002,-0.19500001
			size = 0.0,50.0
			visible = true
			rotation = 3.1415927
		}

		4
		{
			pos = 0.19500001,-0.45000002,2.5571167E-8
			size = 0.0,50.0
			visible = true
			rotation = 4.712389
		}

		5
		{
			pos = 0.0,0.335,0.0
			size = 0.0,10.0
			visible = false
			rotation = 0.0
		}

		6
		{
			pos = 0.0,0.45000002,0.19500001
			size = 0.0,50.0
			visible = true
			rotation = 0.0
		}

		7
		{
			pos = -0.19500001,0.45000002,-8.523721E-9
			size = 0.0,50.0
			visible = true
			rotation = 1.5707964
		}

		8
		{
			pos = 1.7047443E-8,0.45000002,-0.19500001
			size = 0.0,50.0
			visible = true
			rotation = 3.1415927
		}

		9
		{
			pos = 0.19500001,0.45000002,2.5571167E-8
			size = 0.0,50.0
			visible = true
			rotation = 4.712389
		}
	}
}
