name = Unknown
manufacturer = RDC

class
{
	rank = 2
	name = 0
}

info
{
	size = 784.5
	health = 36685.0
	shield = 12517.0
	mass = 2865.9
	maxcargo = 1159
}

model
{
	uselight = true
	metal = STATION/7m
	glass = STATION/7g
}

thrust
{
	model = 
	texture = 
}

components
{
	thrust = 

	collider
	{
		0
		{
			pos = 0.0,-0.425,0.0
			size = 0.078
			strength = 2
		}

		1
		{
			pos = 0.0,-0.32500002,0.0
			size = 0.035
			strength = -1
		}

		2
		{
			pos = 0.0,-0.26500002,0.0
			size = 0.035
			strength = -1
		}

		3
		{
			pos = 0.0,-0.205,0.0
			size = 0.035
			strength = -1
		}

		4
		{
			pos = 0.0,-0.14500001,0.0
			size = 0.035
			strength = -1
		}

		5
		{
			pos = 0.0,-0.085,0.0
			size = 0.035
			strength = -1
		}

		6
		{
			pos = 0.0,-0.025,0.0
			size = 0.035
			strength = -1
		}

		7
		{
			pos = -0.044999998,0.0,0.0
			size = 0.020000001
			strength = 0
		}

		8
		{
			pos = -0.080000006,0.0,0.0
			size = 0.020000001
			strength = 0
		}

		9
		{
			pos = -0.115,0.0,0.0
			size = 0.020000001
			strength = 0
		}

		10
		{
			pos = -0.15,0.0,0.0
			size = 0.020000001
			strength = 0
		}

		11
		{
			pos = -0.013905764,0.0,-0.042797543
			size = 0.020000001
			strength = 0
		}

		12
		{
			pos = -0.02472136,0.0,-0.07608453
			size = 0.020000001
			strength = 0
		}

		13
		{
			pos = -0.035536952,0.0,-0.109371506
			size = 0.020000001
			strength = 0
		}

		14
		{
			pos = -0.046352547,0.0,-0.14265849
			size = 0.020000001
			strength = 0
		}

		15
		{
			pos = 0.03640577,0.0,-0.026450334
			size = 0.020000001
			strength = 0
		}

		16
		{
			pos = 0.064721376,0.0,-0.047022823
			size = 0.020000001
			strength = 0
		}

		17
		{
			pos = 0.093036965,0.0,-0.0675953
			size = 0.020000001
			strength = 0
		}

		18
		{
			pos = 0.12135255,0.0,-0.08816779
			size = 0.020000001
			strength = 0
		}

		19
		{
			pos = 0.03640577,0.0,0.02645034
			size = 0.020000001
			strength = 0
		}

		20
		{
			pos = 0.06472137,0.0,0.047022834
			size = 0.020000001
			strength = 0
		}

		21
		{
			pos = 0.09303696,0.0,0.06759532
			size = 0.020000001
			strength = 0
		}

		22
		{
			pos = 0.12135255,0.0,0.088167794
			size = 0.020000001
			strength = 0
		}

		23
		{
			pos = -0.013905766,0.0,0.042797547
			size = 0.020000001
			strength = 0
		}

		24
		{
			pos = -0.024721371,0.0,0.07608453
			size = 0.020000001
			strength = 0
		}

		25
		{
			pos = -0.03553697,0.0,0.10937152
			size = 0.020000001
			strength = 0
		}

		26
		{
			pos = -0.04635256,0.0,0.14265849
			size = 0.020000001
			strength = 0
		}

		27
		{
			pos = 0.0,-0.185,0.186
			size = 0.035
			strength = 0
		}

		28
		{
			pos = -0.057477165,-0.185,0.17689653
			size = 0.035
			strength = 0
		}

		29
		{
			pos = -0.10932807,-0.185,0.15047717
			size = 0.035
			strength = 0
		}

		30
		{
			pos = -0.17689656,-0.185,0.057477172
			size = 0.035
			strength = 0
		}

		31
		{
			pos = -0.15047717,-0.185,0.10932807
			size = 0.035
			strength = 0
		}

		32
		{
			pos = -0.186,-0.185,0.0
			size = 0.035
			strength = 0
		}

		33
		{
			pos = -0.17689656,-0.185,-0.057477172
			size = 0.035
			strength = 0
		}

		34
		{
			pos = -0.15047717,-0.185,-0.10932807
			size = 0.035
			strength = 0
		}

		35
		{
			pos = -0.10932807,-0.185,-0.15047717
			size = 0.035
			strength = 0
		}

		36
		{
			pos = -0.057477165,-0.185,-0.17689653
			size = 0.035
			strength = 0
		}

		37
		{
			pos = 0.057477165,-0.185,0.17689653
			size = 0.035
			strength = 0
		}

		38
		{
			pos = 0.10932807,-0.185,0.15047717
			size = 0.035
			strength = 0
		}

		39
		{
			pos = 0.17689656,-0.185,0.057477172
			size = 0.035
			strength = 0
		}

		40
		{
			pos = 0.15047717,-0.185,0.10932807
			size = 0.035
			strength = 0
		}

		41
		{
			pos = 0.186,-0.185,0.0
			size = 0.035
			strength = 0
		}

		42
		{
			pos = 0.17689656,-0.185,-0.057477172
			size = 0.035
			strength = 0
		}

		43
		{
			pos = 0.15047717,-0.185,-0.10932807
			size = 0.035
			strength = 0
		}

		44
		{
			pos = 0.10932807,-0.185,-0.15047717
			size = 0.035
			strength = 0
		}

		45
		{
			pos = 0.057477165,-0.185,-0.17689653
			size = 0.035
			strength = 0
		}

		46
		{
			pos = 0.0,-0.13200001,0.186
			size = 0.035
			strength = 0
		}

		47
		{
			pos = -0.057477165,-0.13200001,0.17689653
			size = 0.035
			strength = 0
		}

		48
		{
			pos = -0.10932807,-0.13200001,0.15047717
			size = 0.035
			strength = 0
		}

		49
		{
			pos = -0.17689656,-0.13200001,0.057477172
			size = 0.035
			strength = 0
		}

		50
		{
			pos = -0.15047717,-0.13200001,0.10932807
			size = 0.035
			strength = 0
		}

		51
		{
			pos = -0.186,-0.13200001,0.0
			size = 0.035
			strength = 0
		}

		52
		{
			pos = -0.17689656,-0.13200001,-0.057477172
			size = 0.035
			strength = 0
		}

		53
		{
			pos = -0.15047717,-0.13200001,-0.10932807
			size = 0.035
			strength = 0
		}

		54
		{
			pos = -0.10932807,-0.13200001,-0.15047717
			size = 0.035
			strength = 0
		}

		55
		{
			pos = -0.057477165,-0.13200001,-0.17689653
			size = 0.035
			strength = 0
		}

		56
		{
			pos = 0.057477165,-0.13200001,0.17689653
			size = 0.035
			strength = 0
		}

		57
		{
			pos = 0.10932807,-0.13200001,0.15047717
			size = 0.035
			strength = 0
		}

		58
		{
			pos = 0.17689656,-0.13200001,0.057477172
			size = 0.035
			strength = 0
		}

		59
		{
			pos = 0.15047717,-0.13200001,0.10932807
			size = 0.035
			strength = 0
		}

		60
		{
			pos = 0.186,-0.13200001,0.0
			size = 0.035
			strength = 0
		}

		61
		{
			pos = 0.17689656,-0.13200001,-0.057477172
			size = 0.035
			strength = 0
		}

		62
		{
			pos = 0.15047717,-0.13200001,-0.10932807
			size = 0.035
			strength = 0
		}

		63
		{
			pos = 0.10932807,-0.13200001,-0.15047717
			size = 0.035
			strength = 0
		}

		64
		{
			pos = 0.057477165,-0.13200001,-0.17689653
			size = 0.035
			strength = 0
		}

		65
		{
			pos = 0.0,-0.13200001,-0.186
			size = 0.035
			strength = 0
		}

		66
		{
			pos = 0.0,-0.185,-0.186
			size = 0.035
			strength = 0
		}

		67
		{
			pos = 0.0,-0.078,0.186
			size = 0.035
			strength = 0
		}

		68
		{
			pos = -0.057477165,-0.078,0.17689653
			size = 0.035
			strength = 0
		}

		69
		{
			pos = -0.10932807,-0.078,0.15047717
			size = 0.035
			strength = 0
		}

		70
		{
			pos = -0.17689656,-0.078,0.057477172
			size = 0.035
			strength = 0
		}

		71
		{
			pos = -0.15047717,-0.078,0.10932807
			size = 0.035
			strength = 0
		}

		72
		{
			pos = -0.186,-0.078,0.0
			size = 0.035
			strength = 0
		}

		73
		{
			pos = -0.17689656,-0.078,-0.057477172
			size = 0.035
			strength = 0
		}

		74
		{
			pos = -0.15047717,-0.078,-0.10932807
			size = 0.035
			strength = 0
		}

		75
		{
			pos = -0.10932807,-0.078,-0.15047717
			size = 0.035
			strength = 0
		}

		76
		{
			pos = -0.057477165,-0.078,-0.17689653
			size = 0.035
			strength = 0
		}

		77
		{
			pos = 0.057477165,-0.078,0.17689653
			size = 0.035
			strength = 0
		}

		78
		{
			pos = 0.10932807,-0.078,0.15047717
			size = 0.035
			strength = 0
		}

		79
		{
			pos = 0.17689656,-0.078,0.057477172
			size = 0.035
			strength = 0
		}

		80
		{
			pos = 0.15047717,-0.078,0.10932807
			size = 0.035
			strength = 0
		}

		81
		{
			pos = 0.186,-0.078,0.0
			size = 0.035
			strength = 0
		}

		82
		{
			pos = 0.17689656,-0.078,-0.057477172
			size = 0.035
			strength = 0
		}

		83
		{
			pos = 0.15047717,-0.078,-0.10932807
			size = 0.035
			strength = 0
		}

		84
		{
			pos = 0.10932807,-0.078,-0.15047717
			size = 0.035
			strength = 0
		}

		85
		{
			pos = 0.057477165,-0.078,-0.17689653
			size = 0.035
			strength = 0
		}

		86
		{
			pos = 0.0,-0.078,-0.186
			size = 0.035
			strength = 0
		}

		87
		{
			pos = 0.0,-0.025999999,0.186
			size = 0.035
			strength = 0
		}

		88
		{
			pos = -0.057477165,-0.025999999,0.17689653
			size = 0.035
			strength = 0
		}

		89
		{
			pos = -0.10932807,-0.025999999,0.15047717
			size = 0.035
			strength = 0
		}

		90
		{
			pos = -0.17689656,-0.025999999,0.057477172
			size = 0.035
			strength = 0
		}

		91
		{
			pos = -0.15047717,-0.025999999,0.10932807
			size = 0.035
			strength = 0
		}

		92
		{
			pos = -0.186,-0.025999999,0.0
			size = 0.035
			strength = 0
		}

		93
		{
			pos = -0.17689656,-0.025999999,-0.057477172
			size = 0.035
			strength = 0
		}

		94
		{
			pos = -0.15047717,-0.025999999,-0.10932807
			size = 0.035
			strength = 0
		}

		95
		{
			pos = -0.10932807,-0.025999999,-0.15047717
			size = 0.035
			strength = 0
		}

		96
		{
			pos = -0.057477165,-0.025999999,-0.17689653
			size = 0.035
			strength = 0
		}

		97
		{
			pos = 0.057477165,-0.025999999,0.17689653
			size = 0.035
			strength = 0
		}

		98
		{
			pos = 0.10932807,-0.025999999,0.15047717
			size = 0.035
			strength = 0
		}

		99
		{
			pos = 0.17689656,-0.025999999,0.057477172
			size = 0.035
			strength = 0
		}

		100
		{
			pos = 0.15047717,-0.025999999,0.10932807
			size = 0.035
			strength = 0
		}

		101
		{
			pos = 0.186,-0.025999999,0.0
			size = 0.035
			strength = 0
		}

		102
		{
			pos = 0.17689656,-0.025999999,-0.057477172
			size = 0.035
			strength = 0
		}

		103
		{
			pos = 0.15047717,-0.025999999,-0.10932807
			size = 0.035
			strength = 0
		}

		104
		{
			pos = 0.10932807,-0.025999999,-0.15047717
			size = 0.035
			strength = 0
		}

		105
		{
			pos = 0.057477165,-0.025999999,-0.17689653
			size = 0.035
			strength = 0
		}

		106
		{
			pos = 0.0,-0.025999999,-0.186
			size = 0.035
			strength = 0
		}

		107
		{
			pos = 0.0,0.425,0.0
			size = 0.078
			strength = 2
		}

		108
		{
			pos = 0.0,0.32500002,0.0
			size = 0.035
			strength = -1
		}

		109
		{
			pos = 0.0,0.26500002,0.0
			size = 0.035
			strength = -1
		}

		110
		{
			pos = 0.0,0.205,0.0
			size = 0.035
			strength = -1
		}

		111
		{
			pos = 0.0,0.14500001,0.0
			size = 0.035
			strength = -1
		}

		112
		{
			pos = 0.0,0.085,0.0
			size = 0.035
			strength = -1
		}

		113
		{
			pos = 0.0,0.025,0.0
			size = 0.035
			strength = -1
		}

		114
		{
			pos = 0.0,0.185,0.186
			size = 0.035
			strength = 0
		}

		115
		{
			pos = -0.057477165,0.185,0.17689653
			size = 0.035
			strength = 0
		}

		116
		{
			pos = -0.10932807,0.185,0.15047717
			size = 0.035
			strength = 0
		}

		117
		{
			pos = -0.17689656,0.185,0.057477172
			size = 0.035
			strength = 0
		}

		118
		{
			pos = -0.15047717,0.185,0.10932807
			size = 0.035
			strength = 0
		}

		119
		{
			pos = -0.186,0.185,0.0
			size = 0.035
			strength = 0
		}

		120
		{
			pos = -0.17689656,0.185,-0.057477172
			size = 0.035
			strength = 0
		}

		121
		{
			pos = -0.15047717,0.185,-0.10932807
			size = 0.035
			strength = 0
		}

		122
		{
			pos = -0.10932807,0.185,-0.15047717
			size = 0.035
			strength = 0
		}

		123
		{
			pos = -0.057477165,0.185,-0.17689653
			size = 0.035
			strength = 0
		}

		124
		{
			pos = 0.057477165,0.185,0.17689653
			size = 0.035
			strength = 0
		}

		125
		{
			pos = 0.10932807,0.185,0.15047717
			size = 0.035
			strength = 0
		}

		126
		{
			pos = 0.17689656,0.185,0.057477172
			size = 0.035
			strength = 0
		}

		127
		{
			pos = 0.15047717,0.185,0.10932807
			size = 0.035
			strength = 0
		}

		128
		{
			pos = 0.186,0.185,0.0
			size = 0.035
			strength = 0
		}

		129
		{
			pos = 0.17689656,0.185,-0.057477172
			size = 0.035
			strength = 0
		}

		130
		{
			pos = 0.15047717,0.185,-0.10932807
			size = 0.035
			strength = 0
		}

		131
		{
			pos = 0.10932807,0.185,-0.15047717
			size = 0.035
			strength = 0
		}

		132
		{
			pos = 0.057477165,0.185,-0.17689653
			size = 0.035
			strength = 0
		}

		133
		{
			pos = 0.0,0.13200001,0.186
			size = 0.035
			strength = 0
		}

		134
		{
			pos = -0.057477165,0.13200001,0.17689653
			size = 0.035
			strength = 0
		}

		135
		{
			pos = -0.10932807,0.13200001,0.15047717
			size = 0.035
			strength = 0
		}

		136
		{
			pos = -0.17689656,0.13200001,0.057477172
			size = 0.035
			strength = 0
		}

		137
		{
			pos = -0.15047717,0.13200001,0.10932807
			size = 0.035
			strength = 0
		}

		138
		{
			pos = -0.186,0.13200001,0.0
			size = 0.035
			strength = 0
		}

		139
		{
			pos = -0.17689656,0.13200001,-0.057477172
			size = 0.035
			strength = 0
		}

		140
		{
			pos = -0.15047717,0.13200001,-0.10932807
			size = 0.035
			strength = 0
		}

		141
		{
			pos = -0.10932807,0.13200001,-0.15047717
			size = 0.035
			strength = 0
		}

		142
		{
			pos = -0.057477165,0.13200001,-0.17689653
			size = 0.035
			strength = 0
		}

		143
		{
			pos = 0.057477165,0.13200001,0.17689653
			size = 0.035
			strength = 0
		}

		144
		{
			pos = 0.10932807,0.13200001,0.15047717
			size = 0.035
			strength = 0
		}

		145
		{
			pos = 0.17689656,0.13200001,0.057477172
			size = 0.035
			strength = 0
		}

		146
		{
			pos = 0.15047717,0.13200001,0.10932807
			size = 0.035
			strength = 0
		}

		147
		{
			pos = 0.186,0.13200001,0.0
			size = 0.035
			strength = 0
		}

		148
		{
			pos = 0.17689656,0.13200001,-0.057477172
			size = 0.035
			strength = 0
		}

		149
		{
			pos = 0.15047717,0.13200001,-0.10932807
			size = 0.035
			strength = 0
		}

		150
		{
			pos = 0.10932807,0.13200001,-0.15047717
			size = 0.035
			strength = 0
		}

		151
		{
			pos = 0.057477165,0.13200001,-0.17689653
			size = 0.035
			strength = 0
		}

		152
		{
			pos = 0.0,0.13200001,-0.186
			size = 0.035
			strength = 0
		}

		153
		{
			pos = 0.0,0.185,-0.186
			size = 0.035
			strength = 0
		}

		154
		{
			pos = 0.0,0.078,0.186
			size = 0.035
			strength = 0
		}

		155
		{
			pos = -0.057477165,0.078,0.17689653
			size = 0.035
			strength = 0
		}

		156
		{
			pos = -0.10932807,0.078,0.15047717
			size = 0.035
			strength = 0
		}

		157
		{
			pos = -0.17689656,0.078,0.057477172
			size = 0.035
			strength = 0
		}

		158
		{
			pos = -0.15047717,0.078,0.10932807
			size = 0.035
			strength = 0
		}

		159
		{
			pos = -0.186,0.078,0.0
			size = 0.035
			strength = 0
		}

		160
		{
			pos = -0.17689656,0.078,-0.057477172
			size = 0.035
			strength = 0
		}

		161
		{
			pos = -0.15047717,0.078,-0.10932807
			size = 0.035
			strength = 0
		}

		162
		{
			pos = -0.10932807,0.078,-0.15047717
			size = 0.035
			strength = 0
		}

		163
		{
			pos = -0.057477165,0.078,-0.17689653
			size = 0.035
			strength = 0
		}

		164
		{
			pos = 0.057477165,0.078,0.17689653
			size = 0.035
			strength = 0
		}

		165
		{
			pos = 0.10932807,0.078,0.15047717
			size = 0.035
			strength = 0
		}

		166
		{
			pos = 0.17689656,0.078,0.057477172
			size = 0.035
			strength = 0
		}

		167
		{
			pos = 0.15047717,0.078,0.10932807
			size = 0.035
			strength = 0
		}

		168
		{
			pos = 0.186,0.078,0.0
			size = 0.035
			strength = 0
		}

		169
		{
			pos = 0.17689656,0.078,-0.057477172
			size = 0.035
			strength = 0
		}

		170
		{
			pos = 0.15047717,0.078,-0.10932807
			size = 0.035
			strength = 0
		}

		171
		{
			pos = 0.10932807,0.078,-0.15047717
			size = 0.035
			strength = 0
		}

		172
		{
			pos = 0.057477165,0.078,-0.17689653
			size = 0.035
			strength = 0
		}

		173
		{
			pos = 0.0,0.078,-0.186
			size = 0.035
			strength = 0
		}

		174
		{
			pos = 0.0,0.025999999,0.186
			size = 0.035
			strength = 0
		}

		175
		{
			pos = -0.057477165,0.025999999,0.17689653
			size = 0.035
			strength = 0
		}

		176
		{
			pos = -0.10932807,0.025999999,0.15047717
			size = 0.035
			strength = 0
		}

		177
		{
			pos = -0.17689656,0.025999999,0.057477172
			size = 0.035
			strength = 0
		}

		178
		{
			pos = -0.15047717,0.025999999,0.10932807
			size = 0.035
			strength = 0
		}

		179
		{
			pos = -0.186,0.025999999,0.0
			size = 0.035
			strength = 0
		}

		180
		{
			pos = -0.17689656,0.025999999,-0.057477172
			size = 0.035
			strength = 0
		}

		181
		{
			pos = -0.15047717,0.025999999,-0.10932807
			size = 0.035
			strength = 0
		}

		182
		{
			pos = -0.10932807,0.025999999,-0.15047717
			size = 0.035
			strength = 0
		}

		183
		{
			pos = -0.057477165,0.025999999,-0.17689653
			size = 0.035
			strength = 0
		}

		184
		{
			pos = 0.057477165,0.025999999,0.17689653
			size = 0.035
			strength = 0
		}

		185
		{
			pos = 0.10932807,0.025999999,0.15047717
			size = 0.035
			strength = 0
		}

		186
		{
			pos = 0.17689656,0.025999999,0.057477172
			size = 0.035
			strength = 0
		}

		187
		{
			pos = 0.15047717,0.025999999,0.10932807
			size = 0.035
			strength = 0
		}

		188
		{
			pos = 0.186,0.025999999,0.0
			size = 0.035
			strength = 0
		}

		189
		{
			pos = 0.17689656,0.025999999,-0.057477172
			size = 0.035
			strength = 0
		}

		190
		{
			pos = 0.15047717,0.025999999,-0.10932807
			size = 0.035
			strength = 0
		}

		191
		{
			pos = 0.10932807,0.025999999,-0.15047717
			size = 0.035
			strength = 0
		}

		192
		{
			pos = 0.057477165,0.025999999,-0.17689653
			size = 0.035
			strength = 0
		}

		193
		{
			pos = 0.0,0.025999999,-0.186
			size = 0.035
			strength = 0
		}
	}

	weapon
	{
		0
		{
			pos = 0.19,-0.207,-1.8626451E-9
			copytarget = true
			weaponname = CANNON4
			direction = 4.4703484E-8/0.0/-1.0/0.0/-0.9999998/0.0/0.99999994/0.0/5.9604645E-8/-4.4703484E-8/0.0/-0.99999994/0.0/0.0/0.9999998/0.0/0.0/1.0/0.0/-5.9604645E-8/0.0/0.0/0.0/0.0/1.0
		}

		1
		{
			pos = 0.17553711,-0.207,0.07270986
			copytarget = false
			weaponname = CANNON4
			direction = 0.3826835/0.0/-0.9238795/0.0/-0.9999998/0.0/0.92387944/0.0/0.3826835/-0.3826835/0.0/-0.92387944/0.0/0.0/0.9999998/0.0/0.0/0.9238795/0.0/-0.3826835/0.0/0.0/0.0/0.0/1.0
		}

		2
		{
			pos = 0.13435028,-0.207,0.1343503
			copytarget = false
			weaponname = CANNON4
			direction = 0.7071068/0.0/-0.7071067/0.0/-0.9999998/0.0/0.70710665/0.0/0.7071068/-0.7071068/0.0/-0.70710665/0.0/0.0/0.9999998/0.0/0.0/0.7071067/0.0/-0.7071068/0.0/0.0/0.0/0.0/1.0
		}

		3
		{
			pos = 0.07270985,-0.207,0.17553712
			copytarget = false
			weaponname = CANNON4
			direction = 0.92387956/0.0/-0.3826833/0.0/-0.9999998/0.0/0.38268325/0.0/0.9238795/-0.92387956/0.0/-0.38268325/0.0/0.0/0.9999998/0.0/0.0/0.3826833/0.0/-0.9238795/0.0/0.0/0.0/0.0/1.0
		}

		4
		{
			pos = -7.4505806E-9,-0.207,0.19
			copytarget = true
			weaponname = CANNON4
			direction = 1.0/0.0/1.4901161E-7/0.0/-0.9999998/0.0/-2.0861626E-7/0.0/0.9999999/-1.0/0.0/2.0861626E-7/0.0/0.0/0.9999998/0.0/0.0/-1.4901161E-7/0.0/-0.9999999/0.0/0.0/0.0/0.0/1.0
		}

		5
		{
			pos = -0.072709866,-0.207,0.17553711
			copytarget = false
			weaponname = CANNON4
			direction = 0.92387944/0.0/0.3826836/0.0/-0.9999998/0.0/-0.38268358/0.0/0.9238793/-0.92387944/0.0/0.38268358/0.0/0.0/0.9999998/0.0/0.0/-0.3826836/0.0/-0.9238793/0.0/0.0/0.0/0.0/1.0
		}

		6
		{
			pos = -0.1343503,-0.207,0.13435028
			copytarget = false
			weaponname = CANNON4
			direction = 0.7071066/0.0/0.70710695/0.0/-0.9999998/0.0/-0.7071068/0.0/0.7071065/-0.7071066/0.0/0.7071068/0.0/0.0/0.9999998/0.0/0.0/-0.70710695/0.0/-0.7071065/0.0/0.0/0.0/0.0/1.0
		}

		7
		{
			pos = -0.17553712,-0.207,0.07270985
			copytarget = false
			weaponname = CANNON4
			direction = 0.38268313/0.0/0.9238796/0.0/-0.9999998/0.0/-0.92387944/0.0/0.38268307/-0.38268313/0.0/0.92387944/0.0/0.0/0.9999998/0.0/0.0/-0.9238796/0.0/-0.38268307/0.0/0.0/0.0/0.0/1.0
		}

		8
		{
			pos = -0.19,-0.207,-7.4505806E-9
			copytarget = true
			weaponname = CANNON4
			direction = -3.5762787E-7/0.0/1.0/0.0/-0.9999998/0.0/-0.99999976/0.0/-3.2782555E-7/3.5762787E-7/0.0/0.99999976/0.0/0.0/0.9999998/0.0/0.0/-1.0/0.0/3.2782555E-7/0.0/0.0/0.0/0.0/1.0
		}

		9
		{
			pos = -0.17553711,-0.207,-0.07270987
			copytarget = false
			weaponname = CANNON4
			direction = -0.38268363/0.0/0.92387944/0.0/-0.99999976/0.0/-0.9238793/-0.0/-0.3826836/0.38268363/-0.0/0.9238793/-0.0/0.0/0.99999976/0.0/0.0/-0.92387944/0.0/0.3826836/0.0/0.0/0.0/0.0/1.0
		}

		10
		{
			pos = -0.13435028,-0.207,-0.1343503
			copytarget = false
			weaponname = CANNON4
			direction = -0.707107/0.0/0.70710653/0.0/-0.99999976/0.0/-0.7071064/-0.0/-0.7071069/0.707107/-0.0/0.7071064/-0.0/0.0/0.99999976/0.0/0.0/-0.70710653/0.0/0.7071069/0.0/0.0/0.0/0.0/1.0
		}

		11
		{
			pos = -0.07270985,-0.207,-0.17553712
			copytarget = false
			weaponname = CANNON4
			direction = -0.9238796/0.0/0.3826831/0.0/-0.99999976/0.0/-0.38268304/-0.0/-0.92387944/0.9238796/-0.0/0.38268304/-0.0/0.0/0.99999976/0.0/0.0/-0.3826831/0.0/0.92387944/0.0/0.0/0.0/0.0/1.0
		}

		12
		{
			pos = 1.5755745E-8,-0.207,-0.19
			copytarget = true
			weaponname = CANNON4
			direction = -1.0/-0.0/-4.0133926E-7/0.0/-0.99999976/0.0/3.715369E-7/0.0/-0.99999976/1.0/-0.0/-3.715369E-7/-0.0/0.0/0.99999976/0.0/0.0/4.0133926E-7/0.0/0.99999976/0.0/0.0/0.0/0.0/1.0
		}

		13
		{
			pos = 0.07270988,-0.207,-0.17553711
			copytarget = false
			weaponname = CANNON4
			direction = -0.92387944/-0.0/-0.38268366/0.0/-0.9999997/0.0/0.38268363/0.0/-0.9238793/0.92387944/0.0/-0.38268363/0.0/0.0/0.9999997/0.0/0.0/0.38268366/0.0/0.9238793/0.0/0.0/0.0/0.0/1.0
		}

		14
		{
			pos = 0.1343503,-0.207,-0.13435028
			copytarget = false
			weaponname = CANNON4
			direction = -0.7071065/-0.0/-0.70710707/0.0/-0.9999997/0.0/0.70710695/0.0/-0.70710635/0.7071065/0.0/-0.70710695/0.0/0.0/0.9999997/0.0/0.0/0.70710707/0.0/0.70710635/0.0/0.0/0.0/0.0/1.0
		}

		15
		{
			pos = 0.17553712,-0.207,-0.07270983
			copytarget = false
			weaponname = CANNON4
			direction = -0.3826832/0.0/-0.9238796/0.0/-0.99999964/0.0/0.9238795/0.0/-0.38268313/0.3826832/0.0/-0.9238795/0.0/0.0/0.9999997/0.0/0.0/0.9238796/0.0/0.38268313/0.0/0.0/0.0/0.0/1.0
		}

		16
		{
			pos = -0.020000001,-0.33900002,0.0
			copytarget = true
			weaponname = LAUNCHER4
			direction = 4.3711385E-8/0.9999999/-4.3711385E-8/0.0/4.3711374E-8/0.9999997/-0.99999994/4.371138E-8/-1.9106853E-15/-4.3711385E-8/0.0/0.99999994/0.0/-0.9999999/-4.3711374E-8/-4.371138E-8/0.0/4.3711385E-8/-0.9999997/1.9106853E-15/0.0/0.0/0.0/0.0/1.0
		}

		17
		{
			pos = 0.19,0.207,-1.8626451E-9
			copytarget = true
			weaponname = CANNON4
			direction = -7.450582E-8/-8.742278E-8/1.0/-5.210803E-15/0.9999998/8.742276E-8/0.9999998/3.5527137E-15/5.960464E-8/7.45058E-8/7.1054274E-15/-0.99999946/0.0/8.742277E-8/-0.99999964/0.0/0.0/-0.9999998/-8.7422755E-8/-5.9604616E-8/0.0/0.0/0.0/0.0/1.0
		}

		18
		{
			pos = 0.17553711,0.207,0.07270986
			copytarget = false
			weaponname = CANNON4
			direction = -0.38268352/-8.742278E-8/0.9238795/-3.3455247E-8/0.9999998/8.0768096E-8/0.9238793/2.980232E-8/0.38268343/0.38268343/5.9604645E-8/-0.923879/0.0/1.0782172E-7/-0.99999964/0.0/0.0/-0.9238793/-7.4505806E-8/-0.38268325/0.0/0.0/0.0/0.0/1.0
		}

		19
		{
			pos = 0.13435028,0.207,0.1343503
			copytarget = false
			weaponname = CANNON4
			direction = -0.7071069/-8.742278E-8/0.7071067/-6.181724E-8/0.9999999/6.181722E-8/0.70710665/0.0/0.7071068/0.70710677/5.9604645E-8/-0.7071065/0.0/1.0693165E-7/-0.9999997/-5.9604645E-8/0.0/-0.7071066/-8.940697E-8/-0.7071066/0.0/0.0/0.0/0.0/1.0
		}

		20
		{
			pos = 0.07270985,0.207,0.17553712
			copytarget = false
			weaponname = CANNON4
			direction = -0.92387956/-8.742278E-8/0.38268328/-9.2172954E-8/0.9999998/5.921475E-9/0.38268325/0.0/0.9238795/0.92387944/8.940697E-8/-0.38268313/0.0/7.360717E-8/-0.9999997/5.9604645E-8/0.0/-0.38268316/-2.9802322E-8/-0.9238792/0.0/0.0/0.0/0.0/1.0
		}

		21
		{
			pos = -7.4505806E-9,0.207,0.19
			copytarget = true
			weaponname = CANNON4
			direction = -1.0/-8.742278E-8/-2.6822096E-7/-8.742276E-8/0.9999998/-1.8237812E-14/-2.0861623E-7/0.0/0.99999976/0.9999997/8.742275E-8/2.086161E-7/0.0/8.742277E-8/-0.9999995/-1.4210855E-14/0.0/2.6822084E-7/2.842171E-14/-0.99999917/0.0/0.0/0.0/0.0/1.0
		}

		22
		{
			pos = -0.072709866,0.207,0.17553711
			copytarget = false
			weaponname = CANNON4
			direction = -0.9238795/-8.742278E-8/-0.3826836/-9.2172954E-8/0.9999999/-5.921505E-9/-0.38268352/0.0/0.9238793/0.9238792/1.0430813E-7/0.38268328/0.0/8.264999E-8/-0.9999995/2.9802322E-8/0.0/0.38268352/2.9802322E-8/-0.92387867/0.0/0.0/0.0/0.0/1.0
		}

		23
		{
			pos = -0.1343503,0.207,0.13435028
			copytarget = false
			weaponname = CANNON4
			direction = -0.70710665/-8.742278E-8/-0.707107/-6.181722E-8/0.9999999/-6.1817246E-8/-0.7071068/0.0/0.7071065/0.7071063/5.9604645E-8/0.7071062/0.0/1.0693163E-7/-0.9999994/-5.9604645E-8/0.0/0.70710665/5.9604645E-8/-0.7071058/0.0/0.0/0.0/0.0/1.0
		}

		24
		{
			pos = -0.17553712,0.207,0.07270985
			copytarget = false
			weaponname = CANNON4
			direction = -0.38268316/-8.742278E-8/-0.9238797/-5.921459E-9/0.9999999/-9.217296E-8/-0.92387944/0.0/0.38268307/0.382683/2.9802322E-8/0.92387855/0.0/8.2649976E-8/-0.99999934/0.0/0.0/0.9238792/8.940697E-8/-0.3826827/0.0/0.0/0.0/0.0/1.0
		}

		25
		{
			pos = -0.19,0.207,-7.4505806E-9
			copytarget = true
			weaponname = CANNON4
			direction = 2.9802337E-7/-8.742278E-8/-1.0/2.3771133E-16/0.9999998/-8.742276E-8/-0.99999964/0.0/-3.278255E-7/-2.9802322E-7/-5.684342E-14/0.99999857/0.0/8.742275E-8/-0.9999993/0.0/0.0/0.99999946/8.7422734E-8/3.2782515E-7/0.0/0.0/0.0/0.0/1.0
		}

		26
		{
			pos = -0.17553711,0.207,-0.07270987
			copytarget = false
			weaponname = CANNON4
			direction = 0.38268366/-8.742278E-8/-0.9238795/3.3455258E-8/0.9999998/-8.076809E-8/-0.9238793/2.9802326E-8/-0.38268358/-0.3826835/-5.9604645E-8/0.9238786/0.0/9.641687E-8/-0.99999946/0.0/0.0/0.92387915/7.4505806E-8/0.38268328/0.0/0.0/0.0/0.0/1.0
		}

		27
		{
			pos = -0.13435028,0.207,-0.1343503
			copytarget = false
			weaponname = CANNON4
			direction = 0.70710695/-8.742278E-8/-0.7071065/6.181724E-8/0.9999997/-6.1817204E-8/-0.70710623/0.0/-0.7071067/-0.7071066/-5.9604645E-8/0.70710564/0.0/8.585821E-8/-0.99999917/0.0/0.0/0.7071061/5.9604645E-8/0.7071061/0.0/0.0/0.0/0.0/1.0
		}

		28
		{
			pos = -0.07270985,0.207,-0.17553712
			copytarget = false
			weaponname = CANNON4
			direction = 0.9238796/-8.742278E-8/-0.3826831/8.07681E-8/0.9999998/-3.3455215E-8/-0.38268304/0.0/-0.92387944/-0.9238792/-8.940697E-8/0.38268265/0.0/9.641685E-8/-0.9999993/2.9802322E-8/0.0/0.38268295/2.9802322E-8/0.9238785/0.0/0.0/0.0/0.0/1.0
		}

		29
		{
			pos = 1.5755745E-8,0.207,-0.19
			copytarget = true
			weaponname = CANNON4
			direction = 1.0/-8.742278E-8/3.4173473E-7/8.7422755E-8/0.99999976/3.248079E-14/3.7153686E-7/0.0/-0.99999964/-0.99999946/-8.742273E-8/-3.7153646E-7/0.0/8.742275E-8/-0.9999992/0.0/-0.0/-3.417346E-7/-5.684342E-14/0.99999857/0.0/0.0/0.0/0.0/1.0
		}

		30
		{
			pos = 0.07270988,0.207,-0.17553711
			copytarget = false
			weaponname = CANNON4
			direction = 0.92387944/-8.742278E-8/0.38268366/9.217295E-8/0.9999997/5.9215033E-9/0.38268358/2.980232E-8/-0.9238792/-0.92387915/-7.4505806E-8/-0.38268334/0.0/9.4054855E-8/-0.9999994/-2.9802322E-8/0.0/-0.38268358/-5.9604645E-8/0.92387867/0.0/0.0/0.0/0.0/1.0
		}

		31
		{
			pos = 0.1343503,0.207,-0.13435028
			copytarget = false
			weaponname = CANNON4
			direction = 0.7071065/-8.742278E-8/0.70710707/6.181719E-8/0.99999964/6.1817246E-8/0.70710677/0.0/-0.7071062/-0.7071061/-8.940697E-8/-0.7071061/0.0/1.06931616E-7/-0.9999991/-2.9802322E-8/0.0/-0.70710665/-5.9604645E-8/0.7071056/0.0/0.0/0.0/0.0/1.0
		}

		32
		{
			pos = 0.17553712,0.207,-0.07270983
			copytarget = false
			weaponname = CANNON4
			direction = 0.38268316/-8.742278E-8/0.9238796/5.9214553E-9/0.99999964/9.217294E-8/0.9238795/2.9802322E-8/-0.3826831/-0.38268304/-2.9802322E-8/-0.9238788/0.0/7.124514E-8/-0.9999993/0.0/0.0/-0.9238793/-8.940697E-8/0.38268283/0.0/0.0/0.0/0.0/1.0
		}

		33
		{
			pos = -0.020000001,0.33900002,0.0
			copytarget = false
			weaponname = LAUNCHER4
			direction = 4.3711385E-8/0.9999999/-4.3711385E-8/0.0/4.3711374E-8/0.9999997/-0.99999994/4.371138E-8/-1.9106853E-15/-4.3711385E-8/0.0/0.99999994/0.0/-0.9999999/-4.3711374E-8/-4.371138E-8/0.0/4.3711385E-8/-0.9999997/1.9106853E-15/0.0/0.0/0.0/0.0/1.0
		}
	}
	container = 

	port
	{
		0
		{
			pos = 0.0,-0.51500005,0.0
			size = 0.0,25.0
			visible = false
			rotation = 0.0
		}

		1
		{
			pos = 0.0,-0.51500005,0.0
			size = 0.0,25.0
			visible = false
			rotation = 0.0
		}

		2
		{
			pos = 0.0,-0.51500005,0.0
			size = 0.0,25.0
			visible = false
			rotation = 0.0
		}

		3
		{
			pos = 0.0,-0.51500005,0.0
			size = 0.0,25.0
			visible = false
			rotation = 0.0
		}

		4
		{
			pos = 0.0,0.51500005,0.0
			size = 0.0,25.0
			visible = false
			rotation = 0.0
		}

		5
		{
			pos = 0.0,0.51500005,0.0
			size = 0.0,25.0
			visible = false
			rotation = 0.0
		}

		6
		{
			pos = 0.0,0.51500005,0.0
			size = 0.0,25.0
			visible = false
			rotation = 0.0
		}

		7
		{
			pos = 0.0,0.51500005,0.0
			size = 0.0,25.0
			visible = false
			rotation = 0.0
		}
	}
}
